#       time       r = 30.000000       r = 60.000000       r = 90.000000
   0.0000000    0.0000000000e+00    0.0000000000e+00    0.0000000000e+00
   0.4000000    2.1561779968e-15    2.1561780001e-15    2.1561780034e-15
   0.8000000   -4.5877302549e-13   -4.5877302548e-13   -4.5877302550e-13
   1.2000000   -1.3494746351e-10   -1.3494746351e-10   -1.3494746351e-10
   1.6000000   -3.4572151314e-11   -3.4572151314e-11   -3.4572151314e-11
   2.0000000    5.2361109983e-11    5.2361109983e-11    5.2361109983e-11
   2.4000000    3.9486959381e-11    3.9486959381e-11    3.9486959381e-11
   2.8000000    1.2633952652e-12    1.2633952651e-12    1.2633952652e-12
   3.2000000    1.0807430735e-12    1.0807430736e-12    1.0807430736e-12
   3.6000000   -2.8492257848e-12   -2.8492257847e-12   -2.8492257848e-12
   4.0000000    8.1667883438e-12    8.1667883438e-12    8.1667883437e-12
   4.4000000   -1.6881292869e-10   -1.6881292869e-10   -1.6881292869e-10
   4.8000000   -3.1593247753e-12   -3.1593247752e-12   -3.1593247752e-12
   5.2000000    1.1047229203e-09    1.1047229203e-09    1.1047229203e-09
   5.6000000    9.9223575145e-11    9.9223575145e-11    9.9223575145e-11
   6.0000000    2.4610239716e-11    2.4610239716e-11    2.4610239716e-11
   6.4000000    1.6918413687e-11    1.6918413687e-11    1.6918413687e-11
   6.8000000   -4.3342264901e-12   -4.3342264901e-12   -4.3342264902e-12
   7.2000000   -1.7975114351e-11   -1.7975114350e-11   -1.7975114351e-11
   7.6000000   -5.2556937966e-11   -5.2556937966e-11   -5.2556937966e-11
   8.0000000   -2.9548811673e-11   -2.9548811673e-11   -2.9548811673e-11
   8.4000000    3.8828562687e-11    3.8828562687e-11    3.8828562687e-11
   8.8000000    4.8191483781e-11    4.8191483781e-11    4.8191483781e-11
   9.2000000   -1.5093055099e-11   -1.5093055099e-11   -1.5093055099e-11
   9.6000000   -2.5423264187e-12   -2.5423264187e-12   -2.5423264188e-12
  10.0000000   -3.2905583555e-12   -3.2905583556e-12   -3.2905583555e-12
  10.4000000   -1.0951749339e-12   -1.0951749339e-12   -1.0951749338e-12
  10.8000000    1.4409937651e-11    1.4409937651e-11    1.4409937651e-11
  11.2000000    3.1280907492e-12    3.1280907491e-12    3.1280907502e-12
  11.6000000    8.0212637186e-13    8.0212637186e-13    8.0212637393e-13
  12.0000000    1.2613973384e-11    1.2613973384e-11    1.2613973388e-11
  12.4000000   -2.6314924206e-11   -2.6314924206e-11   -2.6314924200e-11
  12.8000000    7.5947750232e-12    7.5947750233e-12    7.5947750319e-12
  13.2000000   -1.1442578023e-12   -1.1442578024e-12   -1.1442577908e-12
  13.6000000    6.5901626966e-12    6.5901626967e-12    6.5901627113e-12
  14.0000000    1.0278409065e-11    1.0278409065e-11    1.0278409083e-11
  14.4000000    8.6839253587e-13    8.6839253592e-13    8.6839255776e-13
  14.8000000   -1.3155441649e-11   -1.3155441649e-11   -1.3155441623e-11
  15.2000000    7.1882729819e-12    7.1882729816e-12    7.1882730122e-12
  15.6000000   -4.2940734053e-12   -4.2940734053e-12   -4.2940733704e-12
  16.0000000    1.2643038479e-11    1.2643038479e-11    1.2643038519e-11
  16.4000000    2.0307303192e-12    2.0307303191e-12    2.0307303629e-12
  16.8000000    2.2529636446e-13    2.2529636452e-13    2.2529641211e-13
  17.2000000   -1.1591268596e-12   -1.1591268596e-12   -1.1591268086e-12
  17.6000000   -7.6116032734e-12   -7.6116032737e-12   -7.6116032205e-12
  18.0000000    3.5561183653e-12    3.5561183652e-12    3.5561184198e-12
  18.4000000   -1.1865593339e-12   -1.1865593341e-12   -1.1865592788e-12
  18.8000000    3.3044896138e-12    3.3044896141e-12    3.3044896686e-12
  19.2000000    5.5922544728e-12    5.5922544726e-12    5.5922545262e-12
  19.6000000   -6.4805492139e-12   -6.4805492138e-12   -6.4805491622e-12
  20.0000000   -6.0625488326e-12   -6.0625488333e-12   -6.0625487836e-12
  20.4000000   -7.5264177600e-12   -7.5264177620e-12   -7.5264177152e-12
  20.8000000    7.5509496016e-12    7.5509496112e-12    7.5509496552e-12
  21.2000000    2.3801461367e-12    2.3801461535e-12    2.3801461942e-12
  21.6000000   -1.8462419809e-13   -1.8462424113e-13   -1.8462420410e-13
  22.0000000    5.8361927465e-12    5.8361927012e-12    5.8361927342e-12
  22.4000000   -3.2763084811e-12   -3.2763084208e-12   -3.2763083927e-12
  22.8000000    5.4780535314e-13    5.4780539421e-13    5.4780541730e-13
  23.2000000    1.3469414403e-12    1.3469414507e-12    1.3469414686e-12
  23.6000000    5.3868340297e-13    5.3868342698e-13    5.3868343950e-13
  24.0000000    9.0078088117e-13    9.0078079911e-13    9.0078080643e-13
  24.4000000   -3.3482917152e-13   -3.3482932208e-13   -3.3482931958e-13
  24.8000000   -2.2854849462e-12   -2.2854848811e-12   -2.2854848829e-12
  25.2000000    6.9987331039e-12    6.9987335216e-12    6.9987335164e-12
  25.6000000   -4.5896791693e-12   -4.5896790054e-12   -4.5896790122e-12
  26.0000000   -1.6247355189e-12   -1.6247361657e-12   -1.6247361742e-12
  26.4000000    2.0985717962e-12    2.0985712867e-12    2.0985712801e-12
  26.8000000    4.8966563423e-13    4.8966468569e-13    4.8966467969e-13
  27.2000000    1.2894613511e-12    1.2894597975e-12    1.2894597930e-12
  27.6000000   -3.0227972022e-12   -3.0227889438e-12   -3.0227889458e-12
  28.0000000    1.0296964201e-12    1.0297290549e-12    1.0297290520e-12
  28.4000000    1.5826508385e-12    1.5827029163e-12    1.5827029138e-12
  28.8000000   -1.0175217090e-12   -1.0177024289e-12   -1.0177024328e-12
  29.2000000    3.1959624348e-13    3.1890963550e-13    3.1890963068e-13
  29.6000000   -4.5274026360e-14   -4.5100652559e-14   -4.5100658223e-14
  30.0000000    2.2057938155e-13    2.2278332875e-13    2.2278332298e-13
  30.4000000    2.6751304062e-13    2.6888275436e-13    2.6888274800e-13
  30.8000000   -2.6449230794e-13   -2.6529829243e-13   -2.6529829820e-13
  31.2000000   -1.2625190655e-13   -1.2946779228e-13   -1.2946779826e-13
  31.6000000    1.5412896346e-12    1.5313228416e-12    1.5313228350e-12
  32.0000000   -9.4478461325e-13   -9.4922858709e-13   -9.4922859360e-13
  32.4000000   -5.8608299092e-13   -5.7017007773e-13   -5.7017008480e-13
  32.8000000    1.0458195663e-12    1.0639354796e-12    1.0639354731e-12
  33.2000000    2.7723364356e-13    2.7318543175e-13    2.7318542529e-13
  33.6000000    2.2553773044e-13    2.0907919471e-13    2.0907918852e-13
  34.0000000   -5.1440687467e-13   -5.3025870606e-13   -5.3025871178e-13
  34.4000000    5.3202598287e-13    5.1454475911e-13    5.1454475371e-13
  34.8000000   -3.5324394240e-13   -3.6911086593e-13   -3.6911087112e-13
  35.2000000    7.3708068224e-13    7.3070131697e-13    7.3070131231e-13
  35.6000000   -5.9152204586e-13   -5.9873663128e-13   -5.9873663538e-13
  36.0000000    1.0962647717e-12    1.0745811068e-12    1.0745811033e-12
  36.4000000    4.6804532377e-13    4.3412128878e-13    4.3412128613e-13
  36.8000000   -1.7100129301e-13   -1.8955533568e-13   -1.8955533768e-13
  37.2000000   -9.4218164766e-13   -9.2835513932e-13   -9.2835514063e-13
  37.6000000    3.6873029932e-13    3.9791117111e-13    3.9791117037e-13
  38.0000000   -1.1500609225e-12   -1.0898470570e-12   -1.0898470573e-12
  38.4000000    4.3923848573e-12    4.4740061833e-12    4.4740061835e-12
  38.8000000   -9.5966065170e-13   -8.8552724101e-13   -8.8552724042e-13
  39.2000000   -3.9516963138e-12   -3.8957631941e-12   -3.8957631933e-12
  39.6000000    2.1249104222e-12    2.1627592787e-12    2.1627592795e-12
  40.0000000    8.3546887366e-13    8.5624431719e-13    8.5624431805e-13
  40.4000000    2.7342332998e-13    3.0159581930e-13    3.0159582013e-13
  40.8000000   -6.8017633630e-13   -6.2258226962e-13   -6.2258226885e-13
  41.2000000    6.9421677081e-13    7.5512867190e-13    7.5512867260e-13
  41.6000000    7.2206147210e-13    7.6376107483e-13    7.6376107538e-13
  42.0000000   -6.4652162326e-13   -5.8674201380e-13   -5.8674201359e-13
  42.4000000   -9.1022259671e-13   -8.0958106762e-13   -8.0958106778e-13
  42.8000000   -4.8680627404e-14    6.9091591686e-14    6.9091591260e-14
  43.2000000    9.3645511836e-13    1.0498196516e-12    1.0498196509e-12
  43.6000000    9.2885744906e-13    1.0431438776e-12    1.0431438765e-12
  44.0000000    8.2532132293e-13    9.7343944138e-13    9.7343943998e-13
  44.4000000   -2.4972764826e-12   -2.3142389652e-12   -2.3142389668e-12
  44.8000000   -9.6399669189e-13   -8.0172523221e-13   -8.0172523359e-13
  45.2000000    1.9983529809e-12    2.1183215490e-12    2.1183215476e-12
  45.6000000    5.2008149792e-13    6.3610099525e-13    6.3610099308e-13
  46.0000000   -5.2997583285e-13   -3.9664066086e-13   -3.9664066334e-13
  46.4000000   -3.5903180422e-13   -2.1876438645e-13   -2.1876438837e-13
  46.8000000    9.4746402307e-14    2.3614459192e-13    2.3614458992e-13
  47.2000000    2.6856382514e-13    4.1006682749e-13    4.1006682601e-13
  47.6000000    1.2520299203e-13    2.6398986404e-13    2.6398986223e-13
  48.0000000   -5.6735072880e-13   -4.2919247442e-13   -4.2919247592e-13
  48.4000000    4.7002170365e-13    6.1098599143e-13    6.1098599029e-13
  48.8000000   -2.3790904698e-14    1.1863217109e-13    1.1863217029e-13
  49.2000000   -2.6324478363e-13   -1.2176777084e-13   -1.2176777134e-13
  49.6000000    3.0157794317e-13    4.4209169486e-13    4.4209169336e-13
  50.0000000   -2.0551680766e-14    1.1967159641e-13    1.1967159437e-13
  50.4000000   -1.2483129114e-13    1.5217747380e-14    1.5217744822e-14
  50.8000000   -8.1808326640e-14    5.7734204623e-14    5.7734203336e-14
  51.2000000    3.9786804573e-13    5.3641379558e-13    5.3641378763e-13
  51.6000000   -2.3859749582e-13   -1.0120335075e-13   -1.0120334826e-13
  52.0000000   -8.8426838926e-14    4.8182784746e-14    4.8182772550e-14
  52.4000000    2.5485946593e-13    3.9111250731e-13    3.9111250072e-13
  52.8000000   -8.9254983452e-14    4.6688818527e-14    4.6688823102e-14
  53.2000000   -1.6459532617e-14    1.1911555513e-13    1.1911553454e-13
  53.6000000    4.5520168393e-14    1.8074239213e-13    1.8074241705e-13
  54.0000000    4.1460972472e-14    1.7640589212e-13    1.7640590183e-13
  54.4000000   -1.2059669905e-14    1.2286439804e-13    1.2286440995e-13
  54.8000000    6.4162945823e-14    1.9924193152e-13    1.9924197160e-13
  55.2000000   -7.2164464142e-14    6.2971738686e-14    6.2971744854e-14
  55.6000000    3.6106405733e-14    1.7122146508e-13    1.7122147323e-13
  56.0000000    1.1875997202e-13    2.5395812932e-13    2.5395813977e-13
  56.4000000   -7.5452989853e-14    6.0012777591e-14    6.0012765203e-14
  56.8000000    2.8774744132e-14    1.6464231358e-13    1.6464230754e-13
  57.2000000   -2.9000267576e-14    1.0721139595e-13    1.0721139852e-13
  57.6000000    1.4750969780e-13    2.8388668122e-13    2.8388668389e-13
  58.0000000   -7.9438353029e-14    5.7056190371e-14    5.7056195013e-14
  58.4000000   -1.1204400131e-13    2.4675601619e-14    2.4675630700e-14
  58.8000000    2.8494388547e-13    4.2202464802e-13    4.2202469935e-13
  59.2000000   -1.1063056178e-13    2.6845817159e-14    2.6845921430e-14
  59.6000000   -6.4120585330e-14    7.3605622153e-14    7.3606001469e-14
  60.0000000    8.9356270489e-14    2.2719357635e-13    2.2719428489e-13
  60.4000000   -2.3041607540e-14    1.1495897393e-13    1.1495997312e-13
  60.8000000    5.9109158248e-14    1.9737002080e-13    1.9737135595e-13
  61.2000000   -2.3980645306e-14    1.1456664414e-13    1.1456670142e-13
  61.6000000    7.4521351774e-14    2.1336643353e-13    2.1336453702e-13
  62.0000000   -5.2839628442e-14    8.6098870234e-14    8.6089642386e-14
  62.4000000   -6.9127286161e-14    6.9583870829e-14    6.9571152369e-14
  62.8000000    1.4142835033e-13    2.8021790607e-13    2.8016798843e-13
  63.2000000    2.8462718122e-14    1.6778812509e-13    1.6771218274e-13
  63.6000000   -7.7648489496e-14    6.2082862249e-14    6.1882777889e-14
  64.0000000    2.0075116395e-14    1.5988206968e-13    1.5953567152e-13
  64.4000000    5.4524622433e-14    1.9449032961e-13    1.9393038559e-13
  64.8000000   -2.9048392274e-14    1.1111457781e-13    1.1022665553e-13
  65.2000000    8.5066422945e-15    1.4856383629e-13    1.4761246829e-13
  65.6000000    4.3706853093e-14    1.8435178130e-13    1.8298556022e-13
  66.0000000   -2.5179974905e-16    1.4080086938e-13    1.3945653770e-13
  66.4000000    1.6188892417e-14    1.5777688127e-13    1.5607273143e-13
  66.8000000   -4.0386935694e-14    1.0237777309e-13    9.9328421592e-14
  67.2000000    3.1042792826e-14    1.7487194990e-13    1.7050630809e-13
  67.6000000    5.7266453459e-14    2.0384946626e-13    1.9647898547e-13
  68.0000000   -5.3431683698e-14    9.7815566280e-14    8.5722608258e-14
  68.4000000    5.7360830803e-14    2.1130744339e-13    1.9683711046e-13
  68.8000000    1.6326616373e-15    1.6140721795e-13    1.4141294275e-13
  69.2000000   -4.4389398437e-14    1.1562168281e-13    9.5281880508e-14
  69.6000000    5.8072911093e-14    2.1677716882e-13    1.9746376119e-13
  70.0000000    1.1266291925e-15    1.5543480900e-13    1.4034264764e-13
  70.4000000    1.8956930727e-14    1.6282020121e-13    1.5805947465e-13
  70.8000000   -9.1952689335e-15    1.2471946542e-13    1.2983278626e-13
  71.2000000    5.2683672072e-15    1.2391286135e-13    1.4428212500e-13
  71.6000000    2.9383889469e-14    1.3397634583e-13    1.6836362209e-13
  72.0000000   -8.2662711755e-15    8.5153093622e-14    1.3059877576e-13
  72.4000000    1.8076875158e-14    1.0066467688e-13    1.5680250092e-13
  72.8000000    1.2235812329e-14    8.6629898693e-14    1.5085823988e-13
  73.2000000   -6.5393154052e-15    6.6249068038e-14    1.3199265200e-13
  73.6000000    1.7490177512e-14    8.9843532959e-14    1.5591309024e-13
  74.0000000    1.1901911319e-14    8.3621718352e-14    1.5020379906e-13
  74.4000000    1.6951669066e-14    9.2607375734e-14    1.5512733490e-13
  74.8000000   -4.8740809969e-15    7.5341228861e-14    1.3317740510e-13
  75.2000000   -7.8825992740e-15    7.4671252121e-14    1.3005464884e-13
  75.6000000    5.1530641954e-14    1.3675596258e-13    1.8935085150e-13
  76.0000000   -1.2625722307e-14    7.4724366076e-14    1.2506954524e-13
  76.4000000   -1.6242808782e-15    8.5753451798e-14    1.3595143273e-13
  76.8000000    1.8027049708e-14    1.0420341939e-13    1.5548767184e-13
  77.2000000    1.6154597362e-14    1.0012910020e-13    1.5349676659e-13
  77.6000000    5.1144397743e-15    8.5450570680e-14    1.4233925879e-13
  78.0000000   -9.6978595790e-16    7.4610047773e-14    1.3613811624e-13
  78.4000000    2.1527726309e-14    9.2222299015e-14    1.5851248646e-13
  78.8000000    5.4407456051e-16    6.5872808442e-14    1.3740061335e-13
  79.2000000    1.4952113414e-14    7.3441921223e-14    1.5167803618e-13
  79.6000000    1.0885293369e-14    6.2330142966e-14    1.4747925515e-13
  80.0000000    1.7626876699e-15    4.6898707209e-14    1.3822567115e-13
  80.4000000    5.5302511829e-15    4.4053740221e-14    1.4186411290e-13
  80.8000000    2.0948745444e-14    5.2453866481e-14    1.5716363248e-13
  81.2000000    1.5429006082e-14    4.0386158681e-14    1.5153648978e-13
  81.6000000   -1.8102822970e-14    1.0142903031e-15    1.1791476071e-13
  82.0000000    2.8338958825e-14    4.1891508741e-14    1.6430280762e-13
  82.4000000    1.2377127262e-14    2.0153388793e-14    1.4833597815e-13
  82.8000000   -9.2282150476e-16    1.0121642736e-15    1.3510016061e-13
  83.2000000    1.2279420563e-14    8.8062924286e-15    1.4843535840e-13
  83.6000000    1.0893874607e-14    2.3836165307e-15    1.4727439156e-13
  84.0000000    7.3768278312e-15   -6.2076866076e-15    1.4404634283e-13
  84.4000000    8.7058674877e-15   -9.7015838273e-15    1.4573455244e-13
  84.8000000    2.1668567658e-14   -5.9860524464e-16    1.5914316266e-13
  85.2000000   -9.2579926695e-15   -3.4403351307e-14    1.2866488303e-13
  85.6000000    2.1549602049e-15   -2.5305262341e-14    1.4056482930e-13
  86.0000000    4.3269724742e-14    1.3993503215e-14    1.8212973757e-13
  86.4000000   -2.0087784681e-15   -3.2425820152e-14    1.3729188017e-13
  86.8000000   -9.7334882927e-15   -4.0605848451e-14    1.2981761394e-13
  87.2000000    9.1092231842e-15   -2.1737415135e-14    1.4881171306e-13
  87.6000000    3.0014882640e-14   -5.2155904835e-16    1.6968518078e-13
  88.0000000    2.1438217535e-14   -8.5357450098e-15    1.6053329372e-13
  88.4000000   -3.0896044080e-14   -5.9971566619e-14    1.0762083537e-13
  88.8000000    2.2606907690e-14   -5.2348448228e-15    1.6001182153e-13
  89.2000000    3.2014041732e-14    5.5639456076e-15    1.6781297170e-13
  89.6000000   -6.2138754174e-15   -3.1210694052e-14    1.2828005419e-13
  90.0000000    5.4953946026e-15   -1.7909678752e-14    1.3811811707e-13
  90.4000000    1.1070299745e-14   -1.0606992595e-14    1.4152696063e-13
  90.8000000    1.5716224718e-14   -4.1913379810e-15    1.4446657258e-13
  91.2000000    4.5182239699e-15   -1.3624028900e-14    1.3095252294e-13
  91.6000000    2.5122025325e-14    8.7208629652e-15    1.4896414264e-13
  92.0000000   -9.4445623766e-15   -2.4132762867e-14    1.1215368187e-13
  92.4000000    4.0919694490e-16   -1.2569283218e-14    1.1941177977e-13
  92.8000000    3.9448502472e-14    2.8155672118e-14    1.5616100720e-13
  93.2000000    1.5263218190e-15   -8.1801696411e-15    1.1645478113e-13
  93.6000000    1.6611268280e-15   -6.5756661319e-15    1.1499705391e-13
  94.0000000    4.3743248512e-15   -2.4704497625e-15    1.1696455337e-13
  94.4000000    2.2006016178e-14    1.6470645299e-14    1.3457451596e-13
  94.8000000    1.2325074626e-14    7.9902930579e-15    1.2541907680e-13
  95.2000000    4.9740746557e-16   -2.7261720401e-15    1.1409771981e-13
  95.6000000    1.4566689392e-14    1.2390294912e-14    1.2921754755e-13
  96.0000000    8.8869819948e-15    7.6851001453e-15    1.2478877439e-13
  96.4000000    1.0922209633e-14    1.0618126664e-14    1.2638330635e-13
  96.8000000    1.0797185128e-14    1.1322322176e-14    1.2563909307e-13
  97.2000000    1.0665049622e-14    1.1938634598e-14    1.2465108578e-13
  97.6000000    8.6478888137e-15    1.0567428460e-14    1.1966851246e-13
  98.0000000    1.1105680251e-14    1.3576725974e-14    1.1894870707e-13
  98.4000000    6.7981745800e-15    9.7710868875e-15    1.1193327678e-13
  98.8000000    1.8722420636e-14    2.2175003724e-14    1.2088615281e-13
  99.2000000    7.9926363481e-15    1.1884065711e-14    1.0663969417e-13
  99.6000000    7.6699186745e-16    5.0399653685e-15    9.8555919620e-14
 100.0000000    1.9748278669e-14    2.4355459832e-14    1.1696880603e-13
 100.4000000    1.2348885106e-14    1.7252983505e-14    1.0754383953e-13
 100.8000000    9.5940799442e-15    1.4756740583e-14    1.0640681943e-13
 101.2000000   -1.2916475955e-15    4.0967043632e-15    9.2400355320e-14
 101.6000000    2.4649301888e-14    3.0233602604e-14    1.1551931906e-13
 102.0000000    1.2203177181e-14    1.7942298659e-14    1.0014661686e-13
 102.4000000   -2.2539919950e-15    3.5980034320e-15    7.9246572729e-14
 102.8000000    1.9735062705e-14    2.5669021514e-14    9.1698855590e-14
 103.2000000    1.0152385472e-14    1.6154575292e-14    7.6185373522e-14
 103.6000000    1.0018516514e-14    1.6095816988e-14    7.4214876692e-14
 104.0000000    1.0419128290e-14    1.6567941360e-14    6.3145396868e-14
 104.4000000    1.4016357097e-14    2.0205660036e-14    6.8066918688e-14
 104.8000000    4.7289818806e-15    1.0935075745e-14    6.3984093298e-14
 105.2000000    1.5239423426e-14    2.1444313571e-14    7.3006990378e-14
 105.6000000    1.8048647940e-14    2.4213011774e-14    8.3189542498e-14
 106.0000000   -1.9994650398e-15    4.1074055128e-15    7.1260164045e-14
 106.4000000    1.7012426234e-14    2.3086123826e-14    1.0083633124e-13
 106.8000000    1.4647827128e-14    2.0685730193e-14    1.0896289999e-13
 107.2000000    1.0657649380e-14    1.6629053034e-14    1.1215946484e-13
 107.6000000    7.0660486635e-15    1.2978604081e-14    1.2248626565e-13
 108.0000000    1.1696930848e-14    1.7559638806e-14    1.4293338192e-13
 108.4000000    1.8579030908e-14    2.4346780034e-14    1.5498118552e-13
 108.8000000    5.0294266706e-15    1.0676664171e-14    1.4690698939e-13
 109.2000000    1.5114350177e-14    2.0671488697e-14    1.7184066782e-13
 109.6000000    9.5076764889e-15    1.5000100196e-14    1.7153990776e-13
 110.0000000    1.0578007954e-14    1.6019601472e-14    1.6748278427e-13
 110.4000000    1.5952883440e-14    2.1348159668e-14    1.7500928238e-13
 110.8000000    1.3184106847e-14    1.8509656832e-14    1.7616638928e-13
 111.2000000    7.7910210000e-15    1.3030852739e-14    1.6425649347e-13
 111.6000000    5.1441820591e-15    1.0289272581e-14    1.5301060076e-13
 112.0000000    2.9126831775e-14    3.4133218646e-14    1.7535909028e-13
 112.4000000    5.0783796627e-15    9.9231239745e-15    1.4874642390e-13
 112.8000000    2.7546873249e-15    7.4981866752e-15    1.3971612908e-13
 113.2000000    2.2563910372e-14    2.7267438370e-14    1.5458192866e-13
 113.6000000    1.1230620218e-14    1.5875130573e-14    1.4023527632e-13
 114.0000000    1.2090263626e-14    1.6645075277e-14    1.3846985910e-13
 114.4000000    8.4480911188e-15    1.2950648301e-14    1.3212655762e-13
 114.8000000    1.7059124887e-14    2.1553538986e-14    1.3662016877e-13
 115.2000000    1.0691162728e-14    1.5151132398e-14    1.2558529452e-13
 115.6000000    1.1348390349e-14    1.5747109021e-14    1.2371122173e-13
 116.0000000    1.8502520824e-14    2.2888730825e-14    1.2954825089e-13
 116.4000000    6.8488989760e-15    1.1272720806e-14    1.1422160263e-13
 116.8000000    1.2021331986e-14    1.6462217857e-14    1.1449032664e-13
 117.2000000    1.6731863232e-14    2.1167277192e-14    1.1692391474e-13
 117.6000000    1.4457760683e-14    1.8919671706e-14    1.1407040372e-13
 118.0000000    9.7380295341e-15    1.4249870502e-14    1.0610578172e-13
 118.4000000    1.0679207983e-14    1.5221298536e-14    1.0038451955e-13
 118.8000000    1.7794693030e-14    2.2351765471e-14    1.0259688796e-13
 119.2000000    1.3908977136e-14    1.8493400589e-14    9.6399282190e-14
 119.6000000    9.1505011246e-15    1.3791517476e-14    8.6037468589e-14
 120.0000000    1.4797076351e-14    1.9515623792e-14    8.4239583382e-14
 120.4000000    1.4742146477e-14    1.9522372904e-14    7.9754813395e-14
 120.8000000    1.3244879396e-14    1.8075047899e-14    7.4543345084e-14
 121.2000000    1.2574724438e-14    1.7478193961e-14    6.9460949016e-14
 121.6000000    1.2803894013e-14    1.7760005529e-14    6.6321667453e-14
 122.0000000    1.7556549876e-14    2.2499600004e-14    6.8034084416e-14
 122.4000000    1.0277251152e-14    1.5229655403e-14    5.7225644060e-14
 122.8000000    1.3160338580e-14    1.8229392747e-14    5.7252865859e-14
 123.2000000    1.7272692677e-14    2.2485527657e-14    5.9816728619e-14
 123.6000000    1.2344568255e-14    1.7630056619e-14    5.3006594304e-14
 124.0000000    1.3215099664e-14    1.8560843866e-14    5.0443159098e-14
 124.4000000    1.3886196397e-14    1.9342139381e-14    4.7893355417e-14
 124.8000000    1.6911497427e-14    2.2467589325e-14    4.9508771179e-14
 125.2000000    1.2423379324e-14    1.8028999800e-14    4.3873645667e-14
 125.6000000    1.2790866163e-14    1.8428895747e-14    4.1620353487e-14
 126.0000000    1.6988218972e-14    2.2702014859e-14    4.2805149537e-14
 126.4000000    1.3576213731e-14    1.9408393266e-14    3.7573925770e-14
 126.8000000    1.4140389363e-14    2.0059548110e-14    3.7282814244e-14
 127.2000000    1.4661151161e-14    2.0660942939e-14    3.6677506269e-14
 127.6000000    1.4981919759e-14    2.1123189808e-14    3.5107136480e-14
 128.0000000    1.4680283366e-14    2.0962154287e-14    3.2911438636e-14
 128.4000000    1.4989583071e-14    2.1362911475e-14    3.2198556828e-14
 128.8000000    1.4410603560e-14    2.0851972492e-14    3.1644115465e-14
 129.2000000    1.4814562870e-14    2.1277992379e-14    3.2205733381e-14
 129.6000000    1.5962963066e-14    2.2415905268e-14    3.2518597275e-14
 130.0000000    1.4645055987e-14    2.1120579531e-14    3.0132574801e-14
 130.4000000    1.4966334876e-14    2.1525780889e-14    3.0722736153e-14
 130.8000000    1.5148505828e-14    2.1795116045e-14    3.1846103097e-14
 131.2000000    1.5967022551e-14    2.2635447095e-14    3.2744085387e-14
 131.6000000    1.5175789878e-14    2.1928819547e-14    3.1656432071e-14
 132.0000000    1.4929233410e-14    2.1907109179e-14    3.1761741964e-14
 132.4000000    1.6248887653e-14    2.3367979637e-14    3.3677958488e-14
 132.8000000    1.5313798140e-14    2.2342296602e-14    3.3179144948e-14
 133.2000000    1.5645457530e-14    2.2568693752e-14    3.4366366291e-14
 133.6000000    1.6036720061e-14    2.3019217210e-14    3.5664121286e-14
 134.0000000    1.5695482780e-14    2.2715971718e-14    3.5192236451e-14
 134.4000000    1.5942203030e-14    2.2898020969e-14    3.5095538826e-14
 134.8000000    1.6040369126e-14    2.3031781626e-14    3.5928366184e-14
 135.2000000    1.6154181303e-14    2.3351426906e-14    3.7048340946e-14
 135.6000000    1.6302611737e-14    2.3635638310e-14    3.7389652290e-14
 136.0000000    1.6014547300e-14    2.3271851265e-14    3.7216373476e-14
 136.4000000    1.6294852512e-14    2.3488415480e-14    3.8221245607e-14
 136.8000000    1.6797477574e-14    2.4048896248e-14    3.9296102346e-14
 137.2000000    1.6294885771e-14    2.3603984735e-14    3.9049221299e-14
 137.6000000    1.6165771665e-14    2.3442870691e-14    3.9447649927e-14
 138.0000000    1.7279500341e-14    2.4462463817e-14    4.1000108602e-14
 138.4000000    1.6869743679e-14    2.4006487393e-14    4.0389030718e-14
 138.8000000    1.6034336610e-14    2.3139805465e-14    3.9272475851e-14
 139.2000000    1.7321731848e-14    2.4378918522e-14    4.0967866008e-14
 139.6000000    1.7000464117e-14    2.4094569291e-14    4.1225365110e-14
 140.0000000    1.6835102374e-14    2.4002193512e-14    4.1127577975e-14
 140.4000000    1.7179204129e-14    2.4332515728e-14    4.1419096718e-14
 140.8000000    1.7409726369e-14    2.4499788794e-14    4.1839340376e-14
 141.2000000    1.7922762076e-14    2.4911853197e-14    4.2547957505e-14
 141.6000000    1.6700044910e-14    2.3511377584e-14    4.1347558625e-14
 142.0000000    1.7951393119e-14    2.4664086736e-14    4.2695172976e-14
 142.4000000    1.7689700768e-14    2.4579633832e-14    4.2765491461e-14
 142.8000000    1.6211206407e-14    2.3334575729e-14    4.1545002568e-14
 143.2000000    1.8180880517e-14    2.5188087985e-14    4.3348614929e-14
 143.6000000    1.8204048297e-14    2.4888080602e-14    4.2982870509e-14
 144.0000000    1.7937774014e-14    2.4493971213e-14    4.2484595073e-14
 144.4000000    1.8089250531e-14    2.4644469466e-14    4.2478127368e-14
 144.8000000    1.8375530084e-14    2.4819266811e-14    4.2579098791e-14
 145.2000000    1.9001381454e-14    2.5494889599e-14    4.3172632703e-14
 145.6000000    1.7281778714e-14    2.4235354683e-14    4.1704490911e-14
 146.0000000    1.7133160861e-14    2.4417619173e-14    4.1708274263e-14
 146.4000000    1.8881746765e-14    2.5850874081e-14    4.3055989272e-14
 146.8000000    1.8666281595e-14    2.5068597477e-14    4.2207770723e-14
 147.2000000    1.8541973977e-14    2.4776994606e-14    4.1729051147e-14
 147.6000000    1.8723761873e-14    2.5072819182e-14    4.1830207018e-14
 148.0000000    1.9414240069e-14    2.5698984444e-14    4.2298200159e-14
 148.4000000    1.9459549456e-14    2.5758170917e-14    4.2090380983e-14
 148.8000000    1.7575901065e-14    2.4443256359e-14    4.0458925660e-14
 149.2000000    1.8324290891e-14    2.5790376202e-14    4.1554813009e-14
 149.6000000    1.9085556332e-14    2.6144705039e-14    4.1773491379e-14
 150.0000000    1.9148039511e-14    2.5093853816e-14    4.0444687499e-14
 150.4000000    2.0290647365e-14    2.5810648473e-14    4.0847798367e-14
 150.8000000    2.0187517325e-14    2.6001118522e-14    4.0932539685e-14
 151.2000000    2.0332252009e-14    2.6148065225e-14    4.0815491286e-14
 151.6000000    1.9502074342e-14    2.5663617688e-14    3.9825417344e-14
 152.0000000    1.7974470869e-14    2.5700986141e-14    3.9432149270e-14
 152.4000000    1.7193686096e-14    2.5695611519e-14    3.9153081898e-14
 152.8000000    1.9192188265e-14    2.5907292444e-14    3.8976716562e-14
 153.2000000    2.2127730716e-14    2.6915869728e-14    3.9537281226e-14
 153.6000000    2.1755016367e-14    2.6874947158e-14    3.9237299340e-14
 154.0000000    2.0456285227e-14    2.6472621000e-14    3.8584499127e-14
 154.4000000    2.0518548144e-14    2.6387527931e-14    3.8178863956e-14
 154.8000000    2.0193711902e-14    2.6150237971e-14    3.7703890191e-14
 155.2000000    1.8443720161e-14    2.5320423767e-14    3.6676617288e-14
 155.6000000    1.9454551631e-14    2.6823144529e-14    3.7769604112e-14
 156.0000000    2.2212330507e-14    2.9220288401e-14    3.9649094386e-14
 156.4000000    2.1430287420e-14    2.7753197319e-14    3.7863930290e-14
 156.8000000    1.9730176926e-14    2.5311721106e-14    3.5225572723e-14
 157.2000000    2.0184141667e-14    2.5426199945e-14    3.5091257908e-14
 157.6000000    2.1305709315e-14    2.6414527166e-14    3.5769358148e-14
 158.0000000    2.1688235323e-14    2.5961526885e-14    3.5083422265e-14
 158.4000000    2.3279553229e-14    2.7717262860e-14    3.6691262951e-14
 158.8000000    2.4359287832e-14    3.2405170068e-14    4.1065921573e-14
 159.2000000    2.0672500412e-14    3.2131461668e-14    4.0364234325e-14
 159.6000000    1.6116227074e-14    2.5073801529e-14    3.3041853222e-14
 160.0000000    1.6718061135e-14    2.0270909816e-14    2.8108445458e-14
 160.4000000    2.1983038152e-14    2.4302260439e-14    3.1938632645e-14
 160.8000000    2.5039511584e-14    2.9089155577e-14    3.6395370295e-14
 161.2000000    2.4117922009e-14    2.8524863545e-14    3.5533998701e-14
 161.6000000    2.4012359204e-14    2.9737277269e-14    3.6479549263e-14
 162.0000000    2.5908569684e-14    3.4884261433e-14    4.1271733314e-14
 162.4000000    2.6213867966e-14    3.4662633409e-14    4.0817651730e-14
 162.8000000    1.9945625461e-14    2.4183445897e-14    3.0253959453e-14
 163.2000000    1.3497134020e-14    1.7083548639e-14    2.2904260558e-14
 163.6000000    1.6729769109e-14    2.3022789346e-14    2.8540970644e-14
 164.0000000    2.4453291701e-14    3.1293910698e-14    3.6866066530e-14
 164.4000000    2.5352592246e-14    3.1736896562e-14    3.7539424782e-14
 164.8000000    2.1985916556e-14    2.8748306919e-14    3.4370717308e-14
 165.2000000    2.6958512788e-14    3.1563155374e-14    3.6687063924e-14
 165.6000000    3.4181626202e-14    3.5915194166e-14    4.0819076863e-14
 166.0000000    2.8275989105e-14    3.3028720334e-14    3.7983751015e-14
 166.4000000    1.4427525677e-14    2.4856221370e-14    2.9663011307e-14
 166.8000000    1.0381365676e-14    2.0178277995e-14    2.4660589621e-14
 167.2000000    1.8426644228e-14    2.3335688750e-14    2.7694303132e-14
 167.6000000    2.5495798756e-14    2.8654240495e-14    3.3088390728e-14
 168.0000000    2.9173095378e-14    3.1428465171e-14    3.5857274636e-14
 168.4000000    3.2920294974e-14    3.2141730526e-14    3.6329692393e-14
 168.8000000    3.0086890178e-14    3.1465035190e-14    3.5316341648e-14
 169.2000000    2.0537432935e-14    3.1156822122e-14    3.4820424133e-14
 169.6000000    1.8174573212e-14    3.2950681434e-14    3.6536687273e-14
 170.0000000    2.4568990916e-14    3.3461908732e-14    3.6917620608e-14
 170.4000000    2.4605354431e-14    2.7975220934e-14    3.1247810017e-14
 170.8000000    1.9058306091e-14    2.2460981807e-14    2.5574616423e-14
 171.2000000    2.4998873239e-14    2.8802852836e-14    3.1832489471e-14
 171.6000000    3.5560983708e-14    3.9431089652e-14    4.2394172136e-14
 172.0000000    2.7971977294e-14    3.3392042947e-14    3.6240433543e-14
 172.4000000    1.1487137482e-14    1.5846483291e-14    1.8611344963e-14
 172.8000000    1.3919646495e-14    1.4849340633e-14    1.7583880466e-14
 173.2000000    3.2405835511e-14    3.5033236694e-14    3.7707626242e-14
 173.6000000    3.7601035741e-14    4.5688319902e-14    4.8331140485e-14
 174.0000000    2.5637063205e-14    3.4780128109e-14    3.7528716121e-14
 174.4000000    2.1869433154e-14    2.9842594256e-14    3.2694575782e-14
 174.8000000    3.0476876727e-14    3.9581252163e-14    4.2281181435e-14
 175.2000000    2.9138464025e-14    3.5204395576e-14    3.7575008186e-14
 175.6000000    1.3479314618e-14    1.1181696747e-14    1.3383472145e-14
 176.0000000    1.2248879115e-14    9.1707188680e-15    1.1412157544e-14
 176.4000000    3.5231444343e-14    4.1662749293e-14    4.3876306562e-14
 176.8000000    4.8768118695e-14    6.0725470987e-14    6.2746734267e-14
 177.2000000    3.5254236140e-14    4.3807600457e-14    4.5656990820e-14
 177.6000000    2.1759153904e-14    2.7408358844e-14    2.9239988805e-14
 178.0000000    2.1378029861e-14    2.6519273239e-14    2.8442197748e-14
 178.4000000    9.0593103318e-15    1.0932165995e-14    1.2838867666e-14
 178.8000000   -9.1182818442e-15   -8.8166456627e-15   -7.1185253523e-15
 179.2000000    9.7188512789e-15    1.5604802569e-14    1.7247528837e-14
 179.6000000    5.5650974672e-14    6.6100127296e-14    6.7973642950e-14
 180.0000000    6.8517658139e-14    7.5118161692e-14    7.7095925735e-14
 180.4000000    4.1729015539e-14    4.3484804612e-14    4.5314414386e-14
 180.8000000    2.4207666301e-14    2.6474829500e-14    2.8215922908e-14
 181.2000000    2.3055472900e-14    2.6042818867e-14    2.7823965651e-14
 181.6000000    1.2195398845e-14    1.5319966816e-14    1.7123108075e-14
 182.0000000    6.9693059668e-15    1.5408116801e-14    1.7191601065e-14
 182.4000000    3.1135833419e-14    4.4215259184e-14    4.5930581244e-14
 182.8000000    5.2466057231e-14    5.9357478776e-14    6.0950990193e-14
 183.2000000    3.5623092843e-14    3.3495658687e-14    3.5020286129e-14
 183.6000000    9.3906930531e-15    8.4757760598e-15    1.0027456722e-14
 184.0000000    9.6288724909e-15    1.4581566453e-14    1.6155240485e-14
 184.4000000    1.9273330924e-14    2.5214715392e-14    2.6761307014e-14
 184.8000000    1.9467564109e-14    2.6056774192e-14    2.7593808125e-14
 185.2000000    3.2932680648e-14    4.2414288870e-14    4.4034285320e-14
 185.6000000    6.4474269623e-14    7.1627861272e-14    7.3437021772e-14
 186.0000000    6.7059810212e-14    6.7960989602e-14    6.9934496059e-14
 186.4000000    2.4109055321e-14    2.4714473166e-14    2.6680463371e-14
 186.8000000   -9.2603278401e-15   -4.2233273582e-15   -2.3791282751e-15
 187.2000000    2.8418281951e-15    9.0726931215e-15    1.0832151151e-14
 187.6000000    2.3429665950e-14    2.8400863169e-14    3.0146677939e-14
 188.0000000    2.6343851498e-14    3.0938844625e-14    3.2696960874e-14
 188.4000000    4.0441536126e-14    4.4039782141e-14    4.5806563663e-14
 188.8000000    6.5706082447e-14    6.8970565710e-14    7.0749828693e-14
 189.2000000    5.6375435474e-14    6.2856496687e-14    6.4684135046e-14
 189.6000000    1.6981083824e-14    2.5590646329e-14    2.7524058046e-14
 190.0000000    3.0324135795e-15    8.1346601491e-15    1.0207895512e-14
 190.4000000    2.1083129795e-14    2.2406436875e-14    2.4565398444e-14
 190.8000000    3.1814042470e-14    3.3642384196e-14    3.5791334404e-14
 191.2000000    2.8091293458e-14    3.0636448291e-14    3.2765915014e-14
 191.6000000    2.3270294312e-14    2.5674526996e-14    2.7864338795e-14
 192.0000000    1.6616427869e-14    2.2363763163e-14    2.4660601632e-14
 192.4000000    2.1019974000e-14    3.0465253244e-14    3.2810495278e-14
 192.8000000    4.8657969888e-14    5.5285702123e-14    5.7581598989e-14
 193.2000000    6.6142777185e-14    6.7495953598e-14    6.9749440020e-14
 193.6000000    4.6609117084e-14    4.8088336274e-14    5.0406690676e-14
 194.0000000    2.4083265596e-14    2.8535459569e-14    3.0944275383e-14
 194.4000000    2.2920186750e-14    2.8057343862e-14    3.0436109256e-14
 194.8000000    1.4526632754e-14    2.0335989184e-14    2.2622700990e-14
 195.2000000   -1.7228029629e-15    5.6618721785e-15    7.9712479390e-15
 195.6000000    1.6193162408e-14    2.1173769229e-14    2.3582082210e-14
 196.0000000    5.7607047313e-14    5.7162872341e-14    5.9648456498e-14
 196.4000000    6.4603224996e-14    6.3802516810e-14    6.6400632874e-14
 196.8000000    3.5966827124e-14    4.0421746399e-14    4.3132790510e-14
 197.2000000    2.1136574497e-14    2.8329492556e-14    3.1074429202e-14
 197.6000000    2.9526726240e-14    3.5145368292e-14    3.7981178742e-14
 198.0000000    3.4227409617e-14    3.9154719133e-14    4.2203676166e-14
 198.4000000    3.0772601068e-14    3.5225303724e-14    3.8379085631e-14
 198.8000000    2.7137535855e-14    2.7773296306e-14    3.0823348023e-14
 199.2000000    2.0086004416e-14    1.8589944921e-14    2.1549770410e-14
 199.6000000    1.7480404439e-14    2.1022024997e-14    2.4037628665e-14
 200.0000000    3.2981626063e-14    4.2305401045e-14    4.5402629943e-14
 200.4000000    5.0807339266e-14    5.9149717331e-14    6.2265230818e-14
 200.8000000    5.0584903067e-14    5.5250425113e-14    5.8356013068e-14
 201.2000000    4.6546723724e-14    5.0347541988e-14    5.3442944161e-14
 201.6000000    4.8332387463e-14    5.1579915072e-14    5.4686247920e-14
 202.0000000    3.1639194951e-14    3.2866959778e-14    3.6039626807e-14
 202.4000000   -3.6099152166e-15   -2.6115324305e-15    6.3426150022e-16
 202.8000000   -1.2341464925e-14   -9.4563460806e-15   -6.1708735929e-15
 203.2000000    2.0864030688e-14    2.4559119058e-14    2.7962733795e-14
 203.6000000    5.4701471967e-14    5.7935146557e-14    6.1529608008e-14
 204.0000000    5.9548436782e-14    6.2797354220e-14    6.6435761051e-14
 204.4000000    5.2121580459e-14    5.5685211148e-14    5.9187550845e-14
 204.8000000    5.4043583290e-14    5.7647483984e-14    6.1059974118e-14
 205.2000000    5.7064865791e-14    6.0868424221e-14    6.4335270524e-14
 205.6000000    3.6423798395e-14    4.0814453849e-14    4.4329938789e-14
 206.0000000   -7.3209728971e-15   -2.3720672761e-15    1.1509476011e-15
 206.4000000   -2.9259181162e-14   -2.4567141929e-14   -2.0937573020e-14
 206.8000000    5.0475061985e-15    8.4842480569e-15    1.2236137563e-14
 207.2000000    5.7332147925e-14    5.9735484937e-14    6.3451916440e-14
 207.6000000    7.1269804167e-14    7.3483998616e-14    7.7132338431e-14
 208.0000000    6.6597014022e-14    6.8520875382e-14    7.2237973870e-14
 208.4000000    8.6298148663e-14    8.8191246998e-14    9.1996994392e-14
 208.8000000    8.7857333236e-14    9.1015273638e-14    9.4810492796e-14
 209.2000000    1.5548590750e-14    1.9231885311e-14    2.3043467320e-14
 209.6000000   -6.2048183979e-14   -6.0148288575e-14   -5.6250171609e-14
 210.0000000   -4.1737917094e-14   -4.0490729954e-14   -3.6578572020e-14
 210.4000000    3.6856950616e-14    4.0661783579e-14    4.4532606946e-14
 210.8000000    6.7343902019e-14    7.3024846838e-14    7.6940009515e-14
 211.2000000    5.6714933829e-14    6.1810518849e-14    6.5823289255e-14
 211.6000000    6.4022616131e-14    6.9457487013e-14    7.3511982798e-14
 212.0000000    6.2238648476e-14    6.8338694252e-14    7.2376038751e-14
 212.4000000    2.1795376223e-14    2.4281827649e-14    2.8223990699e-14
 212.8000000    5.6768648338e-15    2.6601088568e-15    6.4326632998e-15
 213.2000000    4.5863993304e-14    4.2819968339e-14    4.6546950537e-14
 213.6000000    7.0613379546e-14    7.2533495407e-14    7.6446730415e-14
 214.0000000    4.5590975593e-14    5.0513985875e-14    5.4605625570e-14
 214.4000000    2.6004547219e-14    3.0404213006e-14    3.4481605514e-14
 214.8000000    2.7331497116e-14    3.1273855374e-14    3.5333188683e-14
 215.2000000    1.1556617352e-14    1.5794177742e-14    1.9951399823e-14
 215.6000000   -1.9258898058e-15    1.9394957755e-15    6.0969202778e-15
 216.0000000    3.1570845612e-14    3.4880382895e-14    3.8882609640e-14
 216.4000000    7.7571890939e-14    8.0362360932e-14    8.4280852263e-14
 216.8000000    7.6388087115e-14    7.7930422436e-14    8.1879581653e-14
 217.2000000    4.3374149855e-14    4.4183760569e-14    4.8125083349e-14
 217.6000000    2.7375760437e-14    2.9191976443e-14    3.3091285827e-14
 218.0000000    3.1153783477e-14    3.3788218977e-14    3.7727983269e-14
 218.4000000    2.9722460857e-14    3.2058143032e-14    3.6119202799e-14
 218.8000000    2.0202827684e-14    2.3510659062e-14    2.7686353112e-14
 219.2000000    2.0432600147e-14    2.5710938620e-14    2.9948782554e-14
 219.6000000    3.8672044410e-14    4.3134042875e-14    4.7385259554e-14
 220.0000000    5.8188094636e-14    5.9437595917e-14    6.3711836129e-14
 220.4000000    5.7109531308e-14    5.7287367821e-14    6.1636924012e-14
 220.8000000    4.2019195904e-14    4.3798867806e-14    4.8177782338e-14
 221.2000000    3.7003311537e-14    3.9859002240e-14    4.4131251197e-14
 221.6000000    3.9153110624e-14    4.1973156811e-14    4.6113253997e-14
 222.0000000    2.7787862202e-14    3.0358471261e-14    3.4470985878e-14
 222.4000000    1.5545855277e-14    1.7096234750e-14    2.1214833784e-14
 222.8000000    3.2056756293e-14    3.2842323884e-14    3.6912098324e-14
 223.2000000    6.2040064996e-14    6.4528389635e-14    6.8620738714e-14
 223.6000000    6.4688395562e-14    6.9594677949e-14    7.3905363077e-14
 224.0000000    4.3539702842e-14    4.8275922546e-14    5.2819152252e-14
 224.4000000    3.3662498992e-14    3.6901185059e-14    4.1451922918e-14
 224.8000000    3.7197107547e-14    4.0048493582e-14    4.4470557018e-14
 225.2000000    3.2050202243e-14    3.3909310834e-14    3.8279381806e-14
 225.6000000    2.4676616054e-14    2.4008748085e-14    2.8367681527e-14
 226.0000000    3.6493377195e-14    3.5919114989e-14    4.0186370627e-14
 226.4000000    5.5794338208e-14    5.9573151788e-14    6.3817953112e-14
 226.8000000    5.5323456638e-14    6.1874401716e-14    6.6405981099e-14
 227.2000000    4.0531834788e-14    4.4550359089e-14    4.9584030963e-14
 227.6000000    3.4589436925e-14    3.5574862648e-14    4.0992560374e-14
 228.0000000    3.6611343844e-14    3.7633104932e-14    4.3142013270e-14
 228.4000000    3.5022827585e-14    3.5614624895e-14    4.0991309194e-14
 228.8000000    3.4872633477e-14    3.3898438094e-14    3.9050064547e-14
 229.2000000    4.0305053483e-14    4.1935687965e-14    4.6821313475e-14
 229.6000000    4.2092533790e-14    4.9498812593e-14    5.4087544929e-14
 230.0000000    4.0272174999e-14    4.8217900465e-14    5.2596637088e-14
 230.4000000    4.4306800860e-14    4.6761217989e-14    5.1193181123e-14
 230.8000000    4.9823245323e-14    4.8924700338e-14    5.3685592835e-14
 231.2000000    4.8935340296e-14    4.9061101151e-14    5.4290450302e-14
 231.6000000    4.8274094775e-14    4.8554120281e-14    5.4241146532e-14
 232.0000000    5.0039585227e-14    4.9155845393e-14    5.5134951778e-14
 232.4000000    4.3535528842e-14    4.4636398373e-14    5.0654102489e-14
 232.8000000    3.1599524825e-14    3.7002571720e-14    4.2857708494e-14
 233.2000000    3.0556680075e-14    3.7300836909e-14    4.2872986904e-14
 233.6000000    3.9852909909e-14    4.4148548364e-14    4.9321227576e-14
 234.0000000    4.5267208075e-14    4.7111956393e-14    5.1756662989e-14
 234.4000000    4.4624645652e-14    4.5944549757e-14    4.9992005064e-14
 234.8000000    4.4288796625e-14    4.5642925600e-14    4.9148182795e-14
 235.2000000    4.4967739193e-14    4.5677473843e-14    4.8846485839e-14
 235.6000000    4.6111884312e-14    4.6184600569e-14    4.9318871051e-14
 236.0000000    4.8244899078e-14    4.8883960198e-14    5.2170748664e-14
 236.4000000    4.7813339510e-14    4.9906616744e-14    5.3297005175e-14
 236.8000000    4.3306345636e-14    4.6298676888e-14    4.9731893832e-14
 237.2000000    4.0283550737e-14    4.3192483615e-14    4.6741526452e-14
 237.6000000    4.1706794126e-14    4.4251242586e-14    4.7860356417e-14
 238.0000000    4.3514029935e-14    4.5799067117e-14    4.9175056199e-14
 238.4000000    4.3524707474e-14    4.5774571004e-14    4.8704439453e-14
 238.8000000    4.4530180488e-14    4.6772255722e-14    4.9289658367e-14
 239.2000000    4.7341130620e-14    4.8572347219e-14    5.0754852545e-14
 239.6000000    4.8620443219e-14    4.8122244393e-14    4.9919926623e-14
 240.0000000    4.6487503548e-14    4.6165381272e-14    4.7427761788e-14
 240.4000000    4.3744609006e-14    4.6039600479e-14    4.6577953670e-14
 240.8000000    4.3707758652e-14    4.7761915756e-14    4.7408353007e-14
 241.2000000    4.5296127024e-14    4.8794367670e-14    4.7547322010e-14
 241.6000000    4.5905491367e-14    4.8900232468e-14    4.7021895668e-14
 242.0000000    4.6582596945e-14    4.9631979215e-14    4.7525506320e-14
 242.4000000    4.8924684523e-14    5.0281409977e-14    4.8329573031e-14
 242.8000000    5.0205503623e-14    4.8835066875e-14    4.7353377604e-14
 243.2000000    4.7815278660e-14    4.6233699694e-14    4.5362950128e-14
 243.6000000    4.4536419719e-14    4.5391724195e-14    4.4915635007e-14
 244.0000000    4.3944397370e-14    4.6599143536e-14    4.5971710180e-14
 244.4000000    4.5144796091e-14    4.7735721858e-14    4.6345114675e-14
 244.8000000    4.5795629937e-14    4.7966958041e-14    4.5354552141e-14
 245.2000000    4.5673914717e-14    4.7912841450e-14    4.3884849247e-14
 245.6000000    4.5792773053e-14    4.8013316313e-14    4.2739147612e-14
 246.0000000    4.7407558689e-14    4.8919966787e-14    4.2897868947e-14
 246.4000000    5.0710976092e-14    5.0942771635e-14    4.4798162442e-14
 246.8000000    5.2876328472e-14    5.2317048565e-14    4.6629468268e-14
 247.2000000    5.1006888257e-14    5.1104866583e-14    4.6254758614e-14
 247.6000000    4.7423129762e-14    4.8788240088e-14    4.4778373490e-14
 248.0000000    4.6397833013e-14    4.8165908610e-14    4.4635397518e-14
 248.4000000    4.6798585093e-14    4.8515632262e-14    4.4923780909e-14
 248.8000000    4.5181795337e-14    4.7417214706e-14    4.3156573045e-14
 249.2000000    4.3743436395e-14    4.6164339964e-14    4.0712254308e-14
 249.6000000    4.6797428363e-14    4.8057869703e-14    4.1210526654e-14
 250.0000000    5.1966020231e-14    5.2062109594e-14    4.3899117212e-14
 250.4000000    5.3333718799e-14    5.3733834889e-14    4.4353836659e-14
 250.8000000    5.0866411919e-14    5.2160766261e-14    4.1727596646e-14
 251.2000000    4.9056871598e-14    5.0533110119e-14    3.9540306722e-14
 251.6000000    4.9053933942e-14    5.0355798025e-14    3.9446895280e-14
 252.0000000    4.8870657148e-14    5.0264370149e-14    3.9784810843e-14
 252.4000000    4.8759422254e-14    5.0044084885e-14    4.0056673611e-14
 252.8000000    5.0329753403e-14    5.0937509059e-14    4.1488157571e-14
 253.2000000    5.2389564855e-14    5.2438606475e-14    4.3457477436e-14
 253.6000000    5.2509901132e-14    5.2764738154e-14    4.3943791728e-14
 254.0000000    5.0998304518e-14    5.1841072151e-14    4.2924898681e-14
 254.4000000    4.9926924148e-14    5.1050020194e-14    4.1970796150e-14
 254.8000000    4.9980892309e-14    5.1051089785e-14    4.1557453323e-14
 255.2000000    5.0365314798e-14    5.1413431699e-14    4.1018204250e-14
 255.6000000    5.0231460682e-14    5.1306717261e-14    3.9881333701e-14
 256.0000000    4.9587762971e-14    5.0464304600e-14    3.8355975038e-14
 256.4000000    4.9668394234e-14    5.0132289125e-14    3.7463513993e-14
 256.8000000    5.1277569136e-14    5.1537377170e-14    3.8055409632e-14
 257.2000000    5.2874361529e-14    5.3411715035e-14    3.9219437963e-14
 257.6000000    5.2801909295e-14    5.3781939769e-14    3.9494895261e-14
 258.0000000    5.2097168751e-14    5.3238174197e-14    3.9353930463e-14
 258.4000000    5.2058218378e-14    5.3196091774e-14    3.9972574264e-14
 258.8000000    5.1794497039e-14    5.3132303192e-14    4.0737256233e-14
 259.2000000    5.1054614328e-14    5.2612800706e-14    4.0657543828e-14
 259.6000000    5.1561523525e-14    5.2832193436e-14    4.0432629171e-14
 260.0000000    5.3370479473e-14    5.3911492611e-14    4.0729051647e-14
 260.4000000    5.4204994663e-14    5.4340903812e-14    4.0558495567e-14
 260.8000000    5.3475955165e-14    5.3944822776e-14    3.9165955204e-14
 261.2000000    5.2805713479e-14    5.3783999806e-14    3.7286251478e-14
 261.6000000    5.2793256629e-14    5.3917575248e-14    3.5784779223e-14
 262.0000000    5.2949374992e-14    5.4243422218e-14    3.5243422891e-14
 262.4000000    5.3523107769e-14    5.5256617367e-14    3.6122527496e-14
 262.8000000    5.4517912496e-14    5.6123681426e-14    3.7261344567e-14
 263.2000000    5.4872402455e-14    5.5355171490e-14    3.6574877316e-14
 263.6000000    5.4394679737e-14    5.3976153545e-14    3.4838983822e-14
 264.0000000    5.4061592978e-14    5.4030672199e-14    3.4740846466e-14
 264.4000000    5.4048563096e-14    5.4891509242e-14    3.5855671381e-14
 264.8000000    5.4036116807e-14    5.5164782029e-14    3.5911928371e-14
 265.2000000    5.4273771938e-14    5.5482906031e-14    3.5319993597e-14
 265.6000000    5.4281187791e-14    5.5806628418e-14    3.4870787435e-14
 266.0000000    5.3373539525e-14    5.4737485327e-14    3.3349472626e-14
 266.4000000    5.3110468270e-14    5.3657536623e-14    3.1707559185e-14
 266.8000000    5.4896021426e-14    5.5121774619e-14    3.2700743975e-14
 267.2000000    5.6491658188e-14    5.7295450606e-14    3.4699824025e-14
 267.6000000    5.5916865375e-14    5.7188177576e-14    3.4116497409e-14
 268.0000000    5.5094698443e-14    5.6280572813e-14    3.2044418378e-14
 268.4000000    5.5246378063e-14    5.6398695925e-14    3.0698934838e-14
 268.8000000    5.4949070120e-14    5.6259604062e-14    2.9173881702e-14
 269.2000000    5.5204056458e-14    5.6382524967e-14    2.8167677566e-14
 269.6000000    5.7943695416e-14    5.8685565477e-14    2.9753421287e-14
 270.0000000    6.0014955921e-14    6.0545508904e-14    3.1023203707e-14
 270.4000000    5.8028916923e-14    5.8839366451e-14    2.8551125119e-14
 270.8000000    5.5362255134e-14    5.6555418143e-14    2.5975807113e-14
 271.2000000    5.5698405056e-14    5.6917248039e-14    2.7165323472e-14
 271.6000000    5.6755988027e-14    5.7871443122e-14    2.9171198408e-14
 272.0000000    5.6882001529e-14    5.8121297406e-14    2.9470124064e-14
 272.4000000    5.8260604548e-14    5.9460310277e-14    3.0273789824e-14
 272.8000000    6.0111371881e-14    6.0854976706e-14    3.1573971184e-14
 273.2000000    5.9052394787e-14    5.9573107987e-14    3.0302601134e-14
 273.6000000    5.6488198786e-14    5.7268489706e-14    2.7185774871e-14
 274.0000000    5.6257751151e-14    5.7150412519e-14    2.5526920176e-14
 274.4000000    5.7669011710e-14    5.8427442007e-14    2.5143491032e-14
 274.8000000    5.8208056675e-14    5.8980885089e-14    2.4026041665e-14
 275.2000000    5.8406234472e-14    5.9178206417e-14    2.2526882366e-14
 275.6000000    5.9012881507e-14    5.9755264752e-14    2.1642509586e-14
 276.0000000    5.8841730626e-14    5.9964784664e-14    2.0711157077e-14
 276.4000000    5.7995369190e-14    5.9421751246e-14    1.9150649048e-14
 276.8000000    5.8096669288e-14    5.8960135230e-14    1.7844451107e-14
 277.2000000    5.8949252181e-14    5.9163565850e-14    1.7739167559e-14
 277.6000000    5.9208917595e-14    5.9675057481e-14    1.8552848954e-14
 278.0000000    5.9090806421e-14    6.0007409863e-14    1.9362763885e-14
 278.4000000    5.9266653756e-14    6.0177377281e-14    1.9821748990e-14
 278.8000000    5.9374612738e-14    6.0446099304e-14    2.0364273090e-14
 279.2000000    5.9515309370e-14    6.0820376707e-14    2.1332538501e-14
 279.6000000    6.0441149283e-14    6.1100582988e-14    2.2440875594e-14
 280.0000000    6.1554569566e-14    6.1237128471e-14    2.3248542830e-14
 280.4000000    6.1558103030e-14    6.1316548014e-14    2.3670583958e-14
 280.8000000    6.0764220368e-14    6.1346365083e-14    2.3838165337e-14
 281.2000000    6.0411643579e-14    6.1374181605e-14    2.3929186240e-14
 281.6000000    6.0692776938e-14    6.1552888047e-14    2.4115685001e-14
 282.0000000    6.1057006134e-14    6.1879173609e-14    2.4289689921e-14
 282.4000000    6.1234323773e-14    6.2163173406e-14    2.4063080219e-14
 282.8000000    6.1302084384e-14    6.2318237663e-14    2.3318875285e-14
 283.2000000    6.1573239893e-14    6.2367461660e-14    2.2377099294e-14
 283.6000000    6.2112230965e-14    6.2263200083e-14    2.1478907647e-14
 284.0000000    6.2358664561e-14    6.2045539959e-14    2.0584857211e-14
 284.4000000    6.2126939256e-14    6.1969372983e-14    1.9688555560e-14
 284.8000000    6.2063500459e-14    6.2178352991e-14    1.8950239888e-14
 285.2000000    6.2354792561e-14    6.2534915454e-14    1.8606325201e-14
 285.6000000    6.2631217290e-14    6.2903971045e-14    1.8799594668e-14
 286.0000000    6.3081159921e-14    6.3237033108e-14    1.9309981782e-14
 286.4000000    6.3661171502e-14    6.3379141321e-14    1.9662328390e-14
 286.8000000    6.3428778828e-14    6.3228966588e-14    1.9740175879e-14
 287.2000000    6.2459127247e-14    6.3046575407e-14    2.0012478562e-14
 287.6000000    6.2195742882e-14    6.3172590021e-14    2.0913258026e-14
 288.0000000    6.2891548036e-14    6.3518554500e-14    2.2260327226e-14
 288.4000000    6.3489259575e-14    6.3778823465e-14    2.3574528608e-14
 288.8000000    6.3908744330e-14    6.4013183440e-14    2.4710163588e-14
 289.2000000    6.4580462276e-14    6.4413951851e-14    2.5713048466e-14
 289.6000000    6.4892498758e-14    6.4706551534e-14    2.6365006722e-14
 290.0000000    6.4508246854e-14    6.4572735509e-14    2.6499796874e-14
 290.4000000    6.4346785672e-14    6.4338924359e-14    2.6387777310e-14
 290.8000000    6.4778763303e-14    6.4423310678e-14    2.6221850530e-14
 291.2000000    6.5103142882e-14    6.4688680674e-14    2.5864774315e-14
 291.6000000    6.5190786771e-14    6.4944893252e-14    2.5396347969e-14
 292.0000000    6.5477130983e-14    6.5267904766e-14    2.5040751216e-14
 292.4000000    6.5833003909e-14    6.5558234031e-14    2.4619740121e-14
 292.8000000    6.6008992765e-14    6.5629234357e-14    2.3888056557e-14
 293.2000000    6.6078511406e-14    6.5549982897e-14    2.2956783960e-14
 293.6000000    6.5879954045e-14    6.5352838520e-14    2.1959080315e-14
 294.0000000    6.5413536689e-14    6.5019495718e-14    2.1036502392e-14
 294.4000000    6.5312878576e-14    6.4854380383e-14    2.0591821609e-14
 294.8000000    6.5766967460e-14    6.5077645403e-14    2.0782579980e-14
 295.2000000    6.6219993648e-14    6.5410081708e-14    2.1224599478e-14
 295.6000000    6.6558224254e-14    6.5691853253e-14    2.1698726660e-14
 296.0000000    6.6994246110e-14    6.6120679710e-14    2.2373125624e-14
 296.4000000    6.7264265774e-14    6.6545563295e-14    2.3149996384e-14
 296.8000000    6.7289525951e-14    6.6524131442e-14    2.3672465483e-14
 297.2000000    6.7441530116e-14    6.6157338753e-14    2.3975752657e-14
 297.6000000    6.7650867255e-14    6.5989754397e-14    2.4442469995e-14
 298.0000000    6.7682307186e-14    6.6172576281e-14    2.5153686477e-14
 298.4000000    6.7826929207e-14    6.6427427266e-14    2.5794303688e-14
 298.8000000    6.8139628758e-14    6.6598371088e-14    2.6137728763e-14
 299.2000000    6.8228490402e-14    6.6712678740e-14    2.6253322013e-14
 299.6000000    6.8222135868e-14    6.6726528549e-14    2.6234969178e-14
 300.0000000    6.8399532056e-14    6.6583720991e-14    2.6015500758e-14
 300.4000000    6.8397554843e-14    6.6392552325e-14    2.5547967012e-14
 300.8000000    6.8116233271e-14    6.6317628211e-14    2.4959971511e-14
 301.2000000    6.8171764261e-14    6.6422965798e-14    2.4454383699e-14
 301.6000000    6.8682261132e-14    6.6687287061e-14    2.4153890978e-14
 302.0000000    6.9141697427e-14    6.7021044221e-14    2.4042257515e-14
 302.4000000    6.9545115847e-14    6.7267017612e-14    2.3989016108e-14
 302.8000000    7.0155161615e-14    6.7334755975e-14    2.3853657305e-14
 303.2000000    7.0653495967e-14    6.7349364435e-14    2.3628317901e-14
 303.6000000    7.0702053202e-14    6.7538809905e-14    2.3446459291e-14
 304.0000000    7.0659545132e-14    6.7929545859e-14    2.3414413917e-14
 304.4000000    7.0948783921e-14    6.8266956828e-14    2.3524731409e-14
 304.8000000    7.1393856020e-14    6.8381816944e-14    2.3805818234e-14
 305.2000000    7.1722896331e-14    6.8480490181e-14    2.4312938289e-14
 305.6000000    7.2097876798e-14    6.8776123434e-14    2.4816182069e-14
 306.0000000    7.2457097581e-14    6.8945636392e-14    2.4828999637e-14
 306.4000000    7.1999420401e-14    6.8458184429e-14    2.4289941622e-14
 306.8000000    7.0455772669e-14    6.7460053377e-14    2.3899282337e-14
 307.2000000    6.9150399963e-14    6.6739003412e-14    2.4296743866e-14
 307.6000000    6.9339456579e-14    6.6742211721e-14    2.5194633770e-14
 308.0000000    7.0395292504e-14    6.7186436681e-14    2.5854172440e-14
 308.4000000    7.1202772176e-14    6.7695671685e-14    2.6218181964e-14
 308.8000000    7.2022255774e-14    6.8240342510e-14    2.6920454294e-14
 309.2000000    7.3346629665e-14    6.8836063839e-14    2.8161765077e-14
 309.6000000    7.4419760204e-14    6.9277833119e-14    2.9205193029e-14
 310.0000000    7.4423311641e-14    6.9389267701e-14    2.9293917573e-14
 310.4000000    7.3880066637e-14    6.9356745924e-14    2.8716736419e-14
 310.8000000    7.3742777221e-14    6.9562241173e-14    2.8461155344e-14
 311.2000000    7.4087888156e-14    7.0059619528e-14    2.8921279272e-14
 311.6000000    7.4394122092e-14    7.0487137849e-14    2.9519658127e-14
 312.0000000    7.4269761826e-14    7.0626034788e-14    2.9654119062e-14
 312.4000000    7.3569702145e-14    7.0683686550e-14    2.9431540906e-14
 312.8000000    7.2668855275e-14    7.0803949334e-14    2.9267406395e-14
 313.2000000    7.2733320835e-14    7.0788655068e-14    2.9302756005e-14
 313.6000000    7.4382269732e-14    7.0455998760e-14    2.9346641907e-14
 314.0000000    7.6135303585e-14    6.9850529405e-14    2.9088161227e-14
 314.4000000    7.6082644910e-14    6.9154577000e-14    2.8495348728e-14
 314.8000000    7.4946849259e-14    6.8760114908e-14    2.8153122761e-14
 315.2000000    7.5051150157e-14    6.9013836957e-14    2.8657560024e-14
 315.6000000    7.6432452047e-14    6.9540423788e-14    2.9556168079e-14
 316.0000000    7.6655971045e-14    6.9500079622e-14    2.9755333424e-14
 316.4000000    7.4616653290e-14    6.8940354930e-14    2.9245627510e-14
 316.8000000    7.2270712415e-14    6.9029015946e-14    2.9357251008e-14
 317.2000000    7.2218012208e-14    7.0470230833e-14    3.0898435515e-14
 317.6000000    7.4689471945e-14    7.2443829750e-14    3.2996288964e-14
 318.0000000    7.7383257846e-14    7.3720742003e-14    3.4374283773e-14
 318.4000000    7.8204282210e-14    7.4152731876e-14    3.4915111226e-14
 318.8000000    7.7768647170e-14    7.4399276472e-14    3.5291633769e-14
 319.2000000    7.8317442410e-14    7.4721090997e-14    3.5739791636e-14
 319.6000000    8.0351610443e-14    7.4771336621e-14    3.5929079200e-14
 320.0000000    8.1866854818e-14    7.4288848655e-14    3.5637782452e-14
