#       time       r = 30.000000       r = 60.000000       r = 90.000000
   0.0000000   -5.1528993355e-24    2.6667089346e-31    0.0000000000e+00
   0.4000000   -1.5884188581e-25   -1.3906671493e-31   1.0016159093e-142
   0.8000000    1.7839119154e-23    3.8508992094e-32    8.9797647292e-94
   1.2000000    1.0599485924e-24    2.4611409017e-32    1.4173322328e-89
   1.6000000   -4.5613059837e-24    4.1349423820e-32   -8.6520412341e-87
   2.0000000    2.6128594556e-24   -1.0824443154e-31   -3.9560975496e-84
   2.4000000   -3.4874981926e-24    2.1295077107e-31    1.6322995395e-81
   2.8000000    2.7883374138e-24   -1.8566039219e-31   -1.0339307503e-79
   3.2000000   -3.2341012664e-23    1.7761553058e-31    8.3506901170e-78
   3.6000000    1.8969115319e-24    2.9031555057e-33   -9.0719252388e-77
   4.0000000    1.6001583162e-23   -1.4721944595e-31    9.2665453225e-75
   4.4000000   -1.3449280829e-23   -7.6088383634e-32   -5.7990216187e-73
   4.8000000   -2.6151063567e-23    1.9646839613e-31    8.8359024476e-71
   5.2000000    1.4475020234e-23   -7.0084585177e-33   -3.1917772849e-69
   5.6000000   -3.1949525168e-24    1.2706452477e-33    1.0676547221e-67
   6.0000000    4.8355962707e-24   -2.4931448063e-31    1.1427715055e-65
   6.4000000   -4.6009447945e-24    1.5971116299e-31   -6.4798010734e-64
   6.8000000   -7.9323092041e-24    2.2958848153e-31    3.7127866267e-62
   7.2000000    6.3128651516e-24   -5.2965692836e-31   -1.1140846058e-60
   7.6000000    6.9017565626e-24    3.4448874409e-31    4.2089649500e-59
   8.0000000    1.4659064897e-24   -7.3249020764e-34   -1.3163834782e-57
   8.4000000   -5.4993211088e-23   -1.6602480372e-32    5.7821892341e-56
   8.8000000    1.7067934802e-23    7.8131975034e-32   -1.6303602342e-54
   9.2000000    4.4562260703e-23   -3.9585255783e-31    6.0741088075e-53
   9.6000000   -1.8593137077e-23    3.1430949375e-31   -1.4177421546e-51
  10.0000000    5.0195050200e-24   -1.3207821323e-32    3.4418999041e-50
  10.4000000   -2.3129045043e-23   -1.2424507066e-31   -7.3790076494e-49
  10.8000000   -1.1548265590e-23   -2.5128257669e-31    1.1236258627e-47
  11.2000000    1.2696101561e-23   -1.2332646362e-30   -2.6447236664e-46
  11.6000000    1.5199007021e-23   -3.1005328991e-30    2.6975114208e-45
  12.0000000   -1.1062026575e-23    4.0068033120e-30   -6.9556436878e-44
  12.4000000   -1.4870832464e-23    1.5061378984e-29    4.9784338063e-43
  12.8000000   -7.5274768801e-24   -4.0809843447e-31   -1.1745723645e-41
  13.2000000    5.8739137736e-23   -1.9526942336e-29    4.7060447743e-41
  13.6000000    7.8570490143e-23   -1.5116901629e-29   -9.4217166430e-40
  14.0000000   -5.3845796883e-23   -2.7978688431e-30   -2.1732258623e-39
  14.4000000   -7.9137105421e-23   -1.0752772846e-29    1.0601349641e-38
  14.8000000    4.8766878837e-23   -7.0064677855e-31   -9.1812697256e-37
  15.2000000    6.6584801232e-23    6.1365985600e-29    6.8311476834e-36
  15.6000000    1.8689279953e-24    9.5289736335e-29   -7.2177125659e-35
  16.0000000   -7.6486119872e-23    6.0872913051e-29    3.3428166400e-34
  16.4000000   -6.3875400962e-23   -4.3071040818e-29   -1.4394576535e-33
  16.8000000    1.4469469890e-23   -2.0761406891e-28   -2.9244032797e-33
  17.2000000    4.7443555195e-23   -2.7131300696e-28    5.3009821205e-32
  17.6000000    3.3099224416e-23   -8.9957256912e-29   -4.4184579110e-31
  18.0000000    1.4381620999e-23    2.8109725920e-28    1.4453562268e-30
  18.4000000    3.9693421859e-24    4.3432384802e-28   -3.2212664380e-30
  18.8000000   -5.7730468572e-23    1.5167917886e-28   -6.6835281418e-30
  19.2000000   -7.9743591501e-23   -1.2713573014e-28   -4.3813128450e-29
  19.6000000   -1.0620580617e-22   -1.7077972287e-28    8.1058471820e-28
  20.0000000    1.8530905830e-21   -2.3630234423e-28   -4.3782423610e-27
  20.4000000   -1.1833997710e-21    3.7856814190e-29    1.7078402417e-26
  20.8000000   -1.8447619626e-20    1.1668345260e-27    3.3008924241e-26
  21.2000000    2.1188153285e-20   -2.5591619839e-27   -1.5800898233e-25
  21.6000000    5.9406058210e-20   -5.0838133538e-27    1.3787914310e-24
  22.0000000   -1.0000591267e-19   -7.9610657141e-27    4.0297762579e-25
  22.4000000   -4.1620981868e-20    7.7718060286e-27   -9.4335991699e-24
  22.8000000    1.6682213537e-19    3.8884264656e-25    5.4267030421e-23
  23.2000000   -9.4454605031e-21    9.5987458622e-26   -2.3690779716e-22
  23.6000000   -1.3650419783e-19   -3.0099368503e-24    3.9158907548e-22
  24.0000000    1.8046674640e-20   -1.2683454316e-24   -1.1881140152e-21
  24.4000000    1.6637062620e-19    9.5269950174e-24    2.3392661905e-21
  24.8000000   -5.2101106005e-20    8.4335666751e-24   -4.5796612201e-22
  25.2000000   -6.2549387339e-19    2.0042624020e-24    1.2325384444e-20
  25.6000000    4.4854945605e-20   -3.1147714108e-24    3.7530981908e-20
  26.0000000    2.5388528463e-18   -9.8416497916e-23    2.4125918252e-20
  26.4000000    1.0638214078e-19   -1.3302223980e-22    2.0262859517e-19
  26.8000000   -1.0340918326e-17    2.0653417579e-22    5.0646407369e-20
  27.2000000   -2.1531490513e-17    4.6248747223e-22    3.2171899595e-19
  27.6000000    1.4479573668e-17   -1.1199116884e-23    1.9477996135e-19
  28.0000000    1.9152216447e-16   -4.1518642675e-22    7.9834712442e-20
  28.4000000    1.4275864918e-16   -3.1684003194e-22    1.5943253643e-19
  28.8000000   -4.8249155204e-16   -3.7345780261e-22   -6.0511004105e-20
  29.2000000   -8.0092856842e-16   -1.5416443346e-22   -1.0252970966e-19
  29.6000000   -1.2552637643e-15    7.5962754859e-22    2.9765638019e-21
  30.0000000    1.1954363742e-15    3.7542067904e-22   -3.6382639230e-20
  30.4000000    1.1075607107e-14   -2.9254846625e-22    9.6405990774e-21
  30.8000000    3.9071505586e-15    4.4308501911e-22    2.3145488462e-20
  31.2000000   -2.3597693512e-14    6.2089844582e-22   -3.2546889293e-21
  31.6000000   -1.8957032533e-14   -4.2941446268e-23   -2.4418473832e-21
  32.0000000    1.2386432375e-14   -2.4235186687e-22   -7.8390892353e-21
  32.4000000    2.4504377906e-14   -8.0017005186e-22   -3.2442392051e-21
  32.8000000    3.0486989872e-14   -1.4392070028e-21    2.8914312958e-21
  33.2000000    3.3226421905e-14   -6.7718052795e-22   -2.2363311931e-21
  33.6000000   -2.3594481485e-14   -6.3311944762e-22   -1.9081954584e-21
  34.0000000   -4.5256267590e-14    2.0540579335e-22   -4.0908139386e-21
  34.4000000   -1.0296436670e-14    2.5024891555e-21   -1.1855812220e-20
  34.8000000    3.2075015570e-14    2.4665484554e-21   -6.6133126494e-21
  35.2000000    4.9946047704e-14    1.4415372861e-21    4.6321465341e-21
  35.6000000    4.8342482753e-14    1.4438658066e-21    4.5502542694e-21
  36.0000000   -3.3408123485e-15   -2.3043619273e-21    3.3297747760e-21
  36.4000000    4.5078247424e-15   -6.7642013607e-21    5.9543598904e-21
  36.8000000   -1.1360705245e-13   -8.5619819909e-22   -1.1827985858e-22
  37.2000000   -1.1165038774e-13    7.2591217597e-21   -9.8919541565e-21
  37.6000000   -7.2283090889e-14    4.0356082923e-21   -7.4393946737e-21
  38.0000000   -8.3302776243e-14   -2.7098087989e-21   -3.4379873392e-21
  38.4000000   -3.0912102228e-14   -3.0451687325e-21   -3.7702919737e-21
  38.8000000    1.5714079553e-14   -3.4424343704e-21   -6.5220014252e-21
  39.2000000    1.1228444762e-14   -4.6584095680e-21   -1.8435866144e-21
  39.6000000   -1.2779950259e-14    1.9771546808e-21    7.1549181199e-21
  40.0000000   -2.3559026678e-14    9.2475994402e-21    7.8229337475e-21
  40.4000000    1.2845016689e-16    4.7018152890e-21    3.4318092941e-21
  40.8000000   -3.0362206871e-16   -3.4595658048e-21    2.7822285274e-21
  41.2000000   -4.3852479681e-14   -3.3408053199e-21    4.3404422393e-21
  41.6000000   -4.8400790161e-14   -6.4998893002e-22    4.7754898690e-21
  42.0000000   -3.2438710407e-14   -3.9876093583e-22    1.7214084330e-21
  42.4000000   -2.8855597852e-14    4.8980019929e-22   -1.5838770547e-21
  42.8000000   -4.6861522190e-14   -6.8540623140e-22   -2.6085392847e-21
  43.2000000   -7.3267315199e-14   -4.9071391498e-21   -1.6880471404e-21
  43.6000000   -4.8302289459e-14   -3.0537091585e-21   -2.2238234807e-21
  44.0000000   -1.6348095008e-14    5.1489651389e-21   -3.7834539607e-21
  44.4000000   -2.5811667614e-14    8.4385053563e-21   -3.5480908142e-21
  44.8000000   -1.6197468032e-14    3.2693294143e-21   -1.6842192621e-21
  45.2000000   -1.1638162355e-14    2.6278991105e-22   -7.6176141400e-22
  45.6000000   -4.3988079815e-14   -3.6121054269e-22    3.2382297665e-22
  46.0000000   -3.8713887781e-14   -8.4279187918e-21   -3.3993403333e-22
  46.4000000    9.6895144809e-15   -7.8584213730e-21   -2.4390232939e-22
  46.8000000    2.7810920387e-14    3.1606639000e-21    3.4174118298e-21
  47.2000000    1.3528859000e-14    1.1140409427e-20    6.2136457377e-21
  47.6000000    3.7300425381e-15   -7.4009198534e-21    5.0302890250e-21
  48.0000000    1.4099734907e-15   -9.9371806572e-21    1.8652864313e-21
  48.4000000    1.2979210938e-15   -6.9555753443e-21   -8.4505260925e-23
  48.8000000    2.6592997029e-15   -3.3607332803e-21    6.0807297103e-22
  49.2000000    5.0799705436e-15    9.4831423943e-21   -7.1473962088e-22
  49.6000000    2.5477796500e-15    1.7918134400e-20   -4.5535709462e-21
  50.0000000   -1.4926646542e-15    2.5209414969e-20   -6.5693510168e-21
  50.4000000    3.2817930027e-15   -2.0351964265e-21   -3.7543595298e-21
  50.8000000    6.5810265950e-15    2.9819508135e-20   -1.0289295376e-22
  51.2000000    2.4585703660e-15   -3.8281073943e-20    4.1121539448e-22
  51.6000000    1.7206906586e-15   -1.8902209296e-20    9.3297131397e-23
  52.0000000    2.8378610100e-15   -3.4346411035e-20    1.5283917328e-21
  52.4000000    5.7077936290e-16   -1.9301312732e-19    2.7397045967e-21
  52.8000000    1.6396423701e-15   -5.6506589958e-20    1.4358890423e-21
  53.2000000    1.7527013785e-15   -2.9502666107e-20   -2.6423703733e-22
  53.6000000   -2.8438789996e-15   -2.6229106414e-19   -5.1675051755e-22
  54.0000000   -7.6351562362e-16    8.5979380974e-20   -2.8561308762e-23
  54.4000000    2.2467698173e-15    1.6812241644e-20   -1.3146436945e-22
  54.8000000   -1.7533615115e-15   -3.7786116132e-19    2.4572213845e-22
  55.2000000   -2.4414989649e-15    1.2736581247e-19    1.2971841865e-21
  55.6000000   -1.3022410203e-15   -4.4676954416e-19    1.5494164550e-21
  56.0000000   -2.4910234409e-15   -6.3440726170e-19    7.0578963902e-22
  56.4000000   -2.2564034290e-16    2.5955410693e-20    4.8681364693e-22
  56.8000000   -4.9602218582e-16   -1.0356981902e-18    2.9329622841e-22
  57.2000000   -4.4594682020e-15   -6.4633022900e-19    3.7413449136e-22
  57.6000000   -2.5675777430e-15    6.7678261405e-20    6.8740571716e-22
  58.0000000   -1.0132130126e-16   -1.3067796819e-18   -7.8423738089e-22
  58.4000000   -1.9109408356e-15   -6.7311137122e-19   -3.4125473858e-21
  58.8000000   -2.4170395768e-15    9.1233613986e-20   -4.3678923233e-21
  59.2000000   -2.4364774715e-15   -1.6275256909e-18   -2.3595180938e-21
  59.6000000   -2.4552634616e-15   -1.8377639497e-18   -9.1772141397e-22
  60.0000000   -7.1335246928e-16   -1.0283590265e-18   -1.0394877011e-21
  60.4000000   -9.4792640378e-16   -2.8784490501e-18   -1.0574580740e-21
  60.8000000   -2.4985650059e-15    2.0466824509e-18    3.9469438255e-22
  61.2000000   -1.6329306654e-15    6.5604476733e-18    2.6144320714e-21
  61.6000000   -7.3117526803e-16    2.3166292284e-17    3.5516624417e-21
  62.0000000   -1.0340285601e-15    2.4660115235e-17    2.3672785315e-21
  62.4000000   -1.0813756771e-15    7.8771070886e-17    6.6311288743e-22
  62.8000000   -1.6414208320e-15    2.0392958447e-16    5.3285588577e-22
  63.2000000   -1.7356331594e-15    2.1640214775e-16    6.2214853552e-22
  63.6000000   -2.8600402878e-16    9.1040582754e-16   -6.4895324439e-22
  64.0000000    2.1467749471e-17    5.4828024592e-16   -1.7480046104e-21
  64.4000000   -1.1111301257e-15    1.8118387915e-15   -1.1893279537e-21
  64.8000000   -1.3365076333e-15    6.3785477538e-16    9.8060145964e-23
  65.2000000   -1.0130757195e-15    1.3121220344e-15    5.8440865415e-22
  65.6000000   -9.5882350233e-16    1.2064442729e-15   -1.1060920155e-22
  66.0000000   -5.9076622911e-16    5.1668349041e-17    1.4041925918e-22
  66.4000000   -1.7352882158e-16    4.2111898996e-15   -3.1745481388e-22
  66.8000000   -2.6503072839e-16    7.6648889374e-15   -1.9174297359e-21
  67.2000000   -4.6692665117e-16    8.1272600245e-15   -2.3521495161e-21
  67.6000000   -6.7257326405e-16    2.3015276658e-14   -1.3569437099e-21
  68.0000000   -8.6582695377e-16    1.6836148347e-14    8.3913556791e-23
  68.4000000   -5.4695788078e-16    1.9249914550e-14    2.2163151062e-22
  68.8000000   -1.3305984123e-16    2.0706855090e-14    8.2745355844e-23
  69.2000000   -8.5334891458e-17   -8.3640354592e-15    3.1207389982e-22
  69.6000000   -1.6267461196e-16   -4.4845357750e-15    6.0139625040e-22
  70.0000000   -5.1046715295e-16   -4.3814899908e-14    7.5156179648e-22
  70.4000000   -5.8789981490e-16   -4.8466792694e-14    1.0718771580e-21
  70.8000000   -6.5326308751e-17   -6.2866777726e-14    8.3143274713e-22
  71.2000000   -2.0006422627e-17   -8.0478847545e-14    2.8440681073e-22
  71.6000000   -3.4430681283e-16   -6.1691306185e-14    3.8005332681e-22
  72.0000000   -2.5970500622e-16   -5.5964880695e-14    3.1805278734e-22
  72.4000000   -1.9434866778e-16   -5.1489147520e-14    1.6299208559e-22
  72.8000000   -2.1489591079e-16   -2.5236779556e-14   -6.7534840128e-22
  73.2000000   -1.1940994631e-16   -1.7494492565e-15   -1.4060574758e-21
  73.6000000   -2.8251079130e-16   -4.9542977762e-15   -9.3432077916e-22
  74.0000000   -3.5683082997e-16    8.0266140313e-15   -3.8693521591e-22
  74.4000000   -6.4771578449e-17    2.5097892443e-14   -2.1422220666e-22
  74.8000000   -4.0641938444e-17    1.7268248140e-14   -2.5915836791e-22
  75.2000000   -2.3403357973e-16    1.2432557526e-14   -1.0184687679e-22
  75.6000000   -2.7414860743e-16    1.3968771048e-14    3.3198810305e-23
  76.0000000   -2.6733839722e-16    5.7558122609e-15   -8.2997334078e-23
  76.4000000   -1.0786895203e-16   -2.9202852813e-15   -2.4942551969e-23
  76.8000000    1.8610037518e-17   -7.6768752238e-15    5.6663581033e-22
  77.2000000   -1.9552103319e-16   -1.4229160918e-14   -7.9861667947e-22
  77.6000000   -3.1329860586e-16   -2.0978986624e-14   -5.1338333472e-21
  78.0000000   -1.4857070425e-16   -2.3915027788e-14    3.4170389371e-20
  78.4000000   -7.5328160997e-17   -2.5058610079e-14   -2.4059191064e-20
  78.8000000   -9.7979964801e-17   -3.0468814205e-14    2.7891685239e-19
  79.2000000   -1.5392152286e-16   -3.5232948889e-14    2.2839870554e-19
  79.6000000   -2.5050932101e-16   -3.3371267231e-14    8.5800365684e-19
  80.0000000   -1.7756197805e-16   -3.2427928639e-14    3.6190534919e-18
  80.4000000   -3.5903284492e-17   -3.4402131373e-14    1.7754256746e-18
  80.8000000   -7.8005112581e-17   -3.3789014020e-14    2.1816881464e-17
  81.2000000   -1.8086686933e-16   -3.1078027021e-14    1.5061176484e-17
  81.6000000   -1.6822212641e-16   -2.8761367013e-14    6.2851213754e-17
  82.0000000   -1.3285410009e-16   -2.8133838469e-14    1.2504621970e-16
  82.4000000   -1.2509565358e-16   -2.8898475454e-14    1.0264150292e-16
  82.8000000   -9.5979174903e-17   -2.8372781543e-14    4.5663728638e-16
  83.2000000   -1.1635927023e-16   -2.6119449053e-14    3.1926381835e-16
  83.6000000   -1.8930001669e-16   -2.5106514300e-14    7.2914952396e-16
  84.0000000   -1.6408417382e-16   -2.5040424251e-14    1.2584885690e-15
  84.4000000   -6.3662261810e-17   -2.2086309045e-14    6.7254865611e-16
  84.8000000   -9.2003897864e-17   -1.6806602638e-14    2.0853396642e-15
  85.2000000   -1.5526412026e-16   -1.2904656421e-14    1.5337330725e-15
  85.6000000   -1.2047409310e-16   -1.0552364783e-14    1.0484348531e-15
  86.0000000   -1.0292869872e-16   -7.6592734406e-15    2.4058804105e-15
  86.4000000   -1.0044654691e-16   -4.0125425314e-15    5.1589859692e-16
  86.8000000   -8.0640861524e-17   -9.6938120869e-16    3.5624784428e-16
  87.2000000   -1.1624829867e-16    7.6932257568e-16    8.0179927525e-16
  87.6000000   -2.0124747497e-16    1.9377760221e-15   -8.7445001770e-16
  88.0000000   -1.9080741202e-16    3.4686760367e-15   -8.5796756927e-16
  88.4000000   -8.1291690601e-17    5.2600122012e-15   -4.9469483086e-16
  88.8000000   -5.9800830744e-17    6.5610615405e-15   -1.0652989742e-15
  89.2000000   -5.7471678910e-17    7.1366500174e-15   -9.4985558294e-16
  89.6000000   -2.7099989526e-17    7.5847515001e-15   -5.3568393481e-16
  90.0000000   -1.1188807866e-16    8.2164107812e-15   -5.7923224706e-16
  90.4000000   -2.1362735553e-16    8.5521715386e-15   -5.5353091659e-16
  90.8000000   -1.7337701644e-16    8.5553689102e-15   -3.3326450281e-17
  91.2000000   -6.1778039205e-17    8.5743644041e-15    1.2512353148e-16
  91.6000000   -4.7846242912e-17    8.4806333124e-15    1.7911370307e-16
  92.0000000   -8.4452690632e-17    8.4334839661e-15    1.3497511525e-15
  92.4000000   -1.0710972811e-16    8.5850807180e-15    1.0846733536e-15
  92.8000000   -1.6282494523e-16    8.3200675301e-15    3.0348946759e-16
  93.2000000   -1.2900430456e-16    7.5940362173e-15    1.1784013390e-15
  93.6000000   -2.9576159487e-17    7.1216958379e-15    7.5286699169e-17
  94.0000000   -4.9311155207e-17    6.8486484306e-15   -1.1675443173e-15
  94.4000000   -1.0600343913e-16    6.2672508276e-15   -3.4935861973e-16
  94.8000000   -9.5066928877e-17    5.5781568946e-15    1.4063088499e-16
  95.2000000   -9.2252898762e-17    5.1241575440e-15    7.8280654185e-16
  95.6000000   -9.4761459245e-17    4.7560851643e-15    1.0430717283e-15
  96.0000000   -9.0058668432e-17    4.4410200284e-15    4.4443797016e-15
  96.4000000   -1.3701125997e-16    4.2503930750e-15    2.9340436715e-15
  96.8000000   -1.3475532432e-16    3.9433977823e-15    6.8467691271e-15
  97.2000000   -2.8243335263e-17    3.4393112473e-15    1.0886252159e-14
  97.6000000   -1.3868462795e-17    2.9299545209e-15    1.2292608343e-14
  98.0000000   -1.0537513415e-16    2.5332502154e-15    3.4516860590e-14
  98.4000000   -1.1843092304e-16    2.3108586236e-15    2.1939702811e-14
  98.8000000   -8.8753908904e-17    2.1943792524e-15    5.5274224253e-14
  99.2000000   -8.4952341473e-17    2.0162910452e-15    3.4851034496e-14
  99.6000000   -4.6699960661e-17    1.7829061277e-15    5.1520141372e-14
 100.0000000   -3.1117562408e-17    1.6275631968e-15    3.4223712915e-14
 100.4000000   -9.5585617610e-17    1.4945705005e-15    2.1648399095e-14
 100.8000000   -1.2827127995e-16    1.2439822559e-15    8.1108376963e-14
 101.2000000   -8.7619725988e-17    9.3964610617e-16   -3.9747128433e-14
 101.6000000   -6.1785094289e-17    6.8504830840e-16    1.6181490134e-13
 102.0000000   -7.0029772658e-17    4.6929028922e-16    2.4320352076e-14
 102.4000000   -7.4317579128e-17    2.1814752692e-16    1.0227821436e-13
 102.8000000   -8.2529206896e-17    2.5579793497e-17    2.4738562612e-13
 103.2000000   -9.3583584215e-17    1.5497643923e-16    1.0064915623e-14
 103.6000000   -5.9080775743e-17    3.9333007200e-16    3.8102164167e-13
 104.0000000    3.1530211898e-19    2.6323539228e-16    1.3362576526e-13
 104.4000000   -9.6028591643e-18    1.3398253739e-16    1.8529880196e-13
 104.8000000   -8.1132007456e-17    3.7672762169e-16    4.6483913006e-13
 105.2000000   -1.1237273674e-16    2.1243470545e-16    1.0068305164e-14
 105.6000000   -9.9789842159e-17   -4.8723846716e-16    2.3637383811e-13
 106.0000000   -1.0884404669e-16   -4.7930094752e-16    2.8028300954e-13
 106.4000000   -1.0945510097e-16   -1.6240438067e-16   -1.0321210209e-13
 106.8000000   -6.0852459547e-17   -8.8974022945e-16    7.4503713305e-14
 107.2000000   -1.0551714123e-17   -1.0917418556e-15    6.8071917973e-14
 107.6000000    4.0751660877e-18    2.9160592191e-16   -1.2263249163e-13
 108.0000000   -1.3509774855e-17    4.2252209622e-16   -6.6669474338e-15
 108.4000000   -4.7766635998e-17   -9.6321265622e-16   -1.2364493975e-15
 108.8000000   -6.7817800288e-17   -5.5480068159e-16   -6.4247187875e-14
 109.2000000   -7.3088427228e-17    4.3188987046e-16    6.9087684890e-15
 109.6000000   -1.0281089989e-16   -1.0869177629e-15   -3.1846624563e-15
 110.0000000   -1.4136495705e-16   -1.9699022303e-15   -3.5650897680e-14
 110.4000000   -1.0945116964e-16    5.4782447644e-16    1.6730392366e-14
 110.8000000   -1.6519802126e-17    1.9276939559e-15   -7.5736120071e-16
 111.2000000    2.9298153429e-17   -2.1772379142e-16   -3.5874081608e-14
 111.6000000   -9.1730935866e-19   -1.0686130755e-15   -9.4872946969e-15
 112.0000000   -3.6871076684e-17    3.0464514646e-16   -1.5059304656e-14
 112.4000000   -4.0417669679e-17   -1.2910909111e-15   -3.7234063202e-14
 112.8000000   -4.3408406441e-17   -3.7119935635e-15   -3.0658104950e-14
 113.2000000   -8.7943953141e-17   -1.3970778219e-15   -3.3919047642e-14
 113.6000000   -1.4178520527e-16    9.9642354092e-16   -3.9157401375e-14
 114.0000000   -1.0898741833e-16    1.8869470742e-17   -2.5391758977e-14
 114.4000000   -1.0192921899e-17    1.3763769327e-16   -4.8813749116e-14
 114.8000000    2.2861268759e-17    9.7248193364e-16   -8.6154047540e-14
 115.2000000   -1.5166304451e-17   -3.6325766064e-16   -4.3621027584e-14
 115.6000000   -3.5214102089e-17   -7.9590622099e-16   -1.6008738510e-14
 116.0000000   -3.5704014358e-17    1.4603273025e-15   -7.3915065154e-14
 116.4000000   -5.9543591518e-17    1.7236933303e-15   -5.9759496322e-14
 116.8000000   -9.2626348444e-17   -3.7481530726e-16    2.3149436019e-14
 117.2000000   -8.2014684680e-17   -5.1241758829e-16    7.3448155848e-15
 117.6000000   -2.8244165041e-17   -9.3771317878e-16   -3.1294101623e-14
 118.0000000   -2.2669700979e-18   -2.1259670748e-15    1.3438990210e-14
 118.4000000   -2.5198791813e-17   -2.9156179158e-17    2.1130183538e-14
 118.8000000   -4.3054134227e-17    2.3423565948e-15   -2.6286696487e-14
 119.2000000   -4.4993061102e-17    2.5567637771e-15   -1.6017944912e-14
 119.6000000   -5.5968413605e-17    2.8327207039e-15   -1.8191338613e-14
 120.0000000   -6.2421991573e-17    1.1746387095e-15   -7.5701184577e-14
 120.4000000   -5.9315428426e-17   -2.9433535306e-15   -6.7104586554e-14
 120.8000000   -3.8178976312e-17   -4.7962852701e-15   -2.9071653699e-14
 121.2000000    2.2403864317e-17   -2.6487978547e-15   -5.4308922825e-14
 121.6000000    4.2185226440e-17    5.2627321053e-16   -6.3830145462e-14
 122.0000000   -4.5377664649e-17    2.2541136062e-15   -2.8521087306e-14
 122.4000000   -1.3265433780e-16    3.4403323023e-15   -1.3818622707e-14
 122.8000000   -1.6435671630e-16    4.1542157275e-15   -2.2133389480e-14
 123.2000000   -1.6839536904e-16    2.6359168671e-15   -2.2146192261e-14
 123.6000000    4.0206440263e-17    1.2145947917e-15   -1.1603779773e-14
 124.0000000    4.5140463375e-16    9.2694162640e-16   -1.3317078433e-14
 124.4000000    4.0573241492e-16   -4.8277946411e-16   -1.8722114750e-14
 124.8000000   -3.4626902304e-16   -8.3888554781e-16   -5.2492869556e-15
 125.2000000   -8.8992775761e-16    1.6444105479e-16   -5.0325273531e-15
 125.6000000   -6.2981415802e-16    2.1674798698e-16   -2.6682866712e-14
 126.0000000   -6.7105894058e-17    2.4386911632e-17   -2.7041967332e-14
 126.4000000    6.3985882927e-16    4.3697423644e-16   -1.2325894306e-14
 126.8000000    1.5319256518e-15    2.6065822198e-15   -1.6821556072e-14
 127.2000000    1.3223235554e-15    4.7139768746e-15   -2.8450879551e-14
 127.6000000   -7.9834538725e-16    3.4806901271e-15   -2.3029244860e-14
 128.0000000   -2.7001149059e-15    2.0831873103e-15   -6.3605278720e-15
 128.4000000   -2.0849132288e-15    3.5136225119e-15    4.0390864869e-15
 128.8000000    8.2704682407e-18    3.3474092835e-15    8.4878379512e-15
 129.2000000    1.5102045041e-15    5.1809180710e-16    2.2074584709e-14
 129.6000000    2.3944744980e-15   -4.2469605661e-16    3.3013253556e-14
 130.0000000    2.7092218482e-15    2.1646223272e-16    1.6933493651e-14
 130.4000000    9.7572030578e-16    1.0777123913e-15   -2.6109030476e-15
 130.8000000   -2.6165228985e-15    2.4208639211e-15    7.1166351157e-15
 131.2000000   -4.6612847316e-15    1.4600867724e-15    1.0469198677e-14
 131.6000000   -2.9112895907e-15   -8.2314758955e-16   -2.4226231346e-14
 132.0000000    5.0210616386e-16    7.2659998458e-16   -3.8460012883e-14
 132.4000000    2.6089371488e-15    3.7239639783e-15   -4.1484094366e-15
 132.8000000    3.4518741058e-15    2.2129959704e-15    8.9185992534e-15
 133.2000000    3.6396100639e-15   -2.8811183797e-15   -1.7545997880e-14
 133.6000000    1.6571446655e-15   -3.3529986255e-15   -2.0575387377e-14
 134.0000000   -2.5605398338e-15    6.3503540865e-16    2.1695294942e-15
 134.4000000   -5.2246687428e-15    3.4895324629e-16    3.3810361074e-15
 134.8000000   -3.8638812962e-15   -2.4207358244e-15   -2.6081114598e-15
 135.2000000   -7.6653185666e-16   -1.6052615398e-15    1.0569041231e-14
 135.6000000    1.4226703242e-15    1.5478024147e-15    1.3593029547e-14
 136.0000000    2.5023759280e-15    2.3236846232e-15   -2.8784491236e-15
 136.4000000    2.5881247831e-15    8.2839202775e-16   -4.9087054185e-15
 136.8000000    2.4076439424e-15    1.8630612350e-17    3.3790973701e-15
 137.2000000    2.9142397789e-15    1.6828369956e-15   -4.6103522539e-15
 137.6000000    1.4671663590e-15    4.0407876011e-15   -1.5328074758e-14
 138.0000000   -3.8565754162e-15    5.7241755672e-16   -1.0576636208e-14
 138.4000000   -7.3515421625e-15   -5.6177823579e-15    1.8953157468e-15
 138.8000000   -4.9198229575e-15   -7.4477572040e-15    1.6864332786e-14
 139.2000000   -1.6709882209e-15   -4.9256883178e-15    2.4145916770e-14
 139.6000000    1.5722105135e-15   -4.2427413875e-16    1.4617586242e-14
 140.0000000    9.3239062264e-15    1.1023864706e-15    1.1145649035e-14
 140.4000000    1.2068297846e-14    8.8892275005e-16    1.2059400330e-14
 140.8000000   -9.2678165727e-16    2.7240999354e-15   -1.4053910400e-14
 141.2000000   -1.3034362611e-14    4.3428161373e-15   -3.7819610203e-14
 141.6000000   -6.5696001172e-15    3.7829660028e-15   -2.0588488345e-14
 142.0000000    3.3509385630e-15    4.3386908143e-16   -3.8489489258e-15
 142.4000000    3.2271419797e-15   -2.8345449031e-15   -1.0766848930e-14
 142.8000000    5.8285935300e-15   -2.1443531232e-15    1.8388761841e-15
 143.2000000    8.2509138309e-15   -1.3893883145e-15    2.6384198622e-14
 143.6000000   -8.9357460310e-15   -4.1671313152e-15    1.6869162599e-14
 144.0000000   -2.6064980019e-14   -5.7907478535e-15   -3.0303180619e-15
 144.4000000   -8.5521575402e-15   -1.8693386801e-15    2.2442561444e-15
 144.8000000    2.1852599696e-14    4.3129150151e-15    7.1567293823e-15
 145.2000000    2.3598772802e-14    5.5633579214e-15    4.2571483611e-17
 145.6000000    8.6063499875e-15    2.0918864187e-15    9.4290487375e-16
 146.0000000    3.7030680151e-15    8.0784385515e-16    5.8377428206e-15
 146.4000000   -4.5634927350e-15    1.5247181061e-15    8.2356433253e-16
 146.8000000   -2.5964563745e-14    1.6506696897e-15   -7.6862104076e-15
 147.2000000   -3.2399800521e-14    1.2057189283e-15   -9.8436776662e-15
 147.6000000   -8.9678822235e-15   -1.1275755494e-15   -7.9931085138e-15
 148.0000000    1.8780018839e-14   -2.9943075362e-15   -2.0398855910e-15
 148.4000000    2.6837667887e-14   -2.3955116706e-15    4.9964239546e-15
 148.8000000    1.8932380813e-14   -2.1412382162e-15    1.6876905972e-15
 149.2000000    1.0427733006e-14   -3.7786493818e-15   -4.5972014730e-15
 149.6000000    6.7985265503e-15   -4.0424082877e-15   -4.8070565513e-16
 150.0000000   -5.2387419040e-15   -9.0377937012e-16    3.5569331303e-16
 150.4000000   -3.3274332173e-14    1.6524364311e-15   -7.9401182356e-15
 150.8000000   -4.6923605838e-14    1.6890408572e-15   -5.0426953710e-15
 151.2000000   -1.5091338081e-14    1.2459965465e-15    1.3035428419e-14
 151.6000000    3.0627366832e-14    1.0366597592e-15    2.2313003395e-14
 152.0000000    3.7529624956e-14    1.7501105911e-15    1.3004823880e-14
 152.4000000    1.9417088352e-14    2.9986557109e-15    6.3785599305e-15
 152.8000000    1.8759183417e-14    1.9997996460e-15    9.2039953140e-15
 153.2000000    1.6154253664e-14   -2.2569207853e-16    2.8267947249e-15
 153.6000000   -2.3692743463e-14   -7.9532483890e-17   -1.3980648882e-14
 154.0000000   -6.1578084164e-14    5.5848089240e-16   -2.1762115064e-14
 154.4000000   -4.1685547926e-14   -9.2861278281e-16   -1.3986877167e-14
 154.8000000    9.9773964223e-15   -2.4660187545e-15   -5.9578622821e-15
 155.2000000    3.2180767241e-14   -3.8288692053e-15   -9.3817233011e-15
 155.6000000    2.1660238718e-14   -4.1912508692e-15   -1.1592200137e-14
 156.0000000    1.7071553528e-14    6.7274062590e-16   -6.4337971043e-16
 156.4000000    3.0493585383e-14    6.5319502359e-15    9.9483251035e-15
 156.8000000    3.2121816190e-14    5.1098363101e-15    7.3938080448e-15
 157.2000000   -6.6189399402e-15    1.4331154746e-15    2.3276171159e-15
 157.6000000   -6.1153528854e-14    2.0126125898e-15    5.7574130252e-15
 158.0000000   -6.8797842976e-14    1.5257707916e-15    1.1952674554e-14
 158.4000000   -2.0013522352e-14   -1.1513064876e-15    1.1302802081e-14
 158.8000000    1.8563366610e-14   -8.3680917278e-16    2.3636807632e-15
 159.2000000    1.4339576223e-14   -7.2537904021e-16   -9.7817870999e-15
 159.6000000    1.9494098487e-14   -4.2160866570e-15   -1.5857530048e-14
 160.0000000    5.9504488358e-14   -5.7332547645e-15   -1.1077791908e-14
 160.4000000    7.1417708782e-14   -4.3636155305e-15   -1.1107282861e-14
 160.8000000    1.4192401213e-14   -4.0214239811e-15   -1.8894224652e-14
 161.2000000   -5.3647579076e-14   -9.2531046141e-16   -7.0266199758e-15
 161.6000000   -6.5750060534e-14    5.6620150635e-15    1.9907992518e-14
 162.0000000   -4.0356437947e-14    6.5030957184e-15    2.3852792588e-14
 162.4000000   -3.0611931162e-14    1.1567458638e-15    1.0440689167e-14
 162.8000000   -3.4112581857e-14   -3.8343437251e-16    8.8637054414e-15
 163.2000000   -1.0645251382e-15    1.8190635031e-15    3.2684094383e-15
 163.6000000    7.1467496942e-14    1.0034025858e-15   -2.1751607682e-14
 164.0000000    1.0437839197e-13   -4.0294989797e-16   -3.2188177766e-14
 164.4000000    4.8369536289e-14   -8.7857449563e-16   -1.1014842829e-14
 164.8000000   -2.4373701531e-14   -5.0168182351e-15    5.4676179195e-15
 165.2000000   -3.5720126519e-14   -7.5423644449e-15    2.3689848010e-15
 165.6000000   -2.4565374624e-14   -2.1651614667e-15    5.2919052774e-15
 166.0000000   -3.7698114187e-14    2.6642901082e-15    1.4768949371e-14
 166.4000000   -2.9041241462e-14    3.3830403066e-15    1.0865796353e-14
 166.8000000    1.1249213031e-14    7.6285769031e-15   -2.8580917853e-16
 167.2000000   -2.6469862142e-15    9.8466542604e-15   -6.3808405445e-15
 167.6000000   -6.6562159240e-14    5.5072241746e-16   -8.5891966231e-15
 168.0000000   -4.5785221142e-14   -7.8880976362e-15   -2.2805702780e-15
 168.4000000    7.0333667218e-14   -3.8045607326e-15    9.5994203950e-15
 168.8000000    1.2047167257e-13    1.1078621216e-15    9.0813889044e-15
 169.2000000    7.3111995951e-14   -1.1491834880e-15    3.9524395186e-17
 169.6000000    5.8496610044e-14   -2.1957177328e-15    2.8932501314e-15
 170.0000000    4.2127477033e-14   -3.8832750548e-16    1.0185290905e-14
 170.4000000   -1.0966499327e-13   -6.6790354786e-16    4.3542797578e-15
 170.8000000   -2.4557902732e-13    1.6788311958e-16   -6.5918508808e-15
 171.2000000   -1.2788595727e-13    3.4663829996e-15   -1.1515020413e-14
 171.6000000    8.9548518184e-14    3.2325892758e-15   -1.1896109980e-14
 172.0000000    1.2338105760e-13    6.0202334795e-16   -7.2730413705e-15
 172.4000000    4.8825286971e-14    1.9130477392e-16   -2.2174185455e-15
 172.8000000    3.4905013342e-14   -3.1155455037e-15   -4.5673152556e-15
 173.2000000    1.1214724004e-14   -1.0004424788e-14   -7.1719369835e-15
 173.6000000   -3.3050232478e-14   -8.8340453964e-15   -3.7196506102e-15
 174.0000000    4.0646861466e-14    1.1481173509e-15   -8.2341840889e-17
 174.4000000    1.3201225802e-13    6.8504060721e-15    5.0303167007e-15
 174.8000000    2.3042764236e-14    5.2158208680e-15    1.2992910965e-14
 175.2000000   -1.5565944180e-13    3.9109879973e-15    1.3945347346e-14
 175.6000000   -1.6353517174e-13    5.7884038008e-15    1.0545141626e-14
 176.0000000   -8.9234534964e-14    7.9899679007e-15    1.0866861154e-14
 176.4000000   -6.2960736332e-14    5.6810188392e-15    5.8057167358e-15
 176.8000000    2.7135635581e-14   -4.4698936851e-15   -4.6882960372e-15
 177.2000000    1.9288714793e-13   -1.4660175737e-14   -3.5546454856e-15
 177.6000000    2.2679351414e-13   -1.2590346838e-14    3.8090472875e-15
 178.0000000    8.7108344794e-14   -4.4971880016e-15    6.7088359731e-16
 178.4000000   -4.8196233914e-14   -3.9301617201e-15   -4.0036577994e-15
 178.8000000   -9.4912986939e-14   -1.7953566846e-15   -4.0149226086e-15
 179.2000000   -9.9027212934e-14    1.3161518333e-14   -1.0567598801e-14
 179.6000000   -9.7712313311e-14    2.3468058162e-14   -1.4072407507e-14
 180.0000000   -1.0658799321e-13    1.1790815382e-14   -3.3236725554e-16
 180.4000000   -8.6348955860e-14   -6.0852061677e-15    1.0904021177e-14
 180.8000000    3.5478064544e-14   -9.3964503617e-15    5.5498730919e-15
 181.2000000    1.8559778579e-13   -4.8180979017e-15    1.8638053401e-15
 181.6000000    1.9151339811e-13   -6.1350430662e-15    3.9412381927e-15
 182.0000000    6.6791054205e-14   -1.1643753339e-14   -3.9551363887e-15
 182.4000000   -2.0515821257e-14   -1.3245857488e-14   -1.1524719584e-14
 182.8000000   -4.2662724631e-14   -5.5626386363e-15   -1.9002181529e-15
 183.2000000   -9.8887302108e-14    8.2263843762e-15    7.6461650990e-15
 183.6000000   -1.7101945753e-13    1.4582467211e-14    3.7115894134e-15
 184.0000000   -1.3464494194e-13    9.9844051049e-15    1.4104446713e-15
 184.4000000    1.8755921334e-14    9.0598929312e-15    3.5568227470e-15
 184.8000000    1.4148303228e-13    1.3434591156e-14   -2.1492271762e-15
 185.2000000    1.3252296944e-13    3.3558237216e-15   -7.5254952707e-15
 185.6000000    6.5108967851e-14   -1.9625471612e-14   -1.0773902992e-15
 186.0000000    4.2927263435e-14   -2.5987197792e-14    5.5639046205e-15
 186.4000000    3.3808571648e-14   -9.3413178271e-15    4.6792307746e-15
 186.8000000   -3.8763848076e-14    4.6149904761e-15    3.7614539489e-15
 187.2000000   -1.3267823932e-13    3.6843714861e-15    8.8148712278e-16
 187.6000000   -1.4551850071e-13    2.2320108491e-15   -8.3038378633e-15
 188.0000000   -6.7199445898e-14    1.0118329031e-14   -1.1405181857e-14
 188.4000000    2.3082174750e-14    1.7742725284e-14   -2.7355046586e-15
 188.8000000    6.4490714275e-14    1.3454270454e-14    2.5605141997e-15
 189.2000000    7.1161349529e-14   -1.0355973908e-15   -3.2617457630e-16
 189.6000000    9.8964977984e-14   -1.1657364402e-14    2.4707758558e-16
 190.0000000    1.4162512404e-13   -9.1950068016e-15    3.4272866742e-15
 190.4000000    9.1095685377e-14   -5.9315417998e-15    3.6445495982e-17
 190.8000000   -9.1694548103e-14   -1.2944867332e-14   -3.5399601200e-15
 191.2000000   -2.3282733243e-13   -1.4210033852e-14    1.2180516668e-15
 191.6000000   -1.6642314360e-13    3.1378959039e-15    6.9206489344e-15
 192.0000000   -6.6499141571e-15    1.9127974352e-14    8.7301129861e-15
 192.4000000    4.7763424765e-14    1.3698816085e-14    1.1638984799e-14
 192.8000000    3.9628481633e-14   -2.8236376375e-16    1.0655467004e-14
 193.2000000    9.9746773221e-14   -3.1979499739e-15   -2.0152803823e-15
 193.6000000    1.5217780530e-13   -1.6273995602e-16   -1.3179093017e-14
 194.0000000    7.1160979239e-14   -4.0670500670e-15   -8.5792995520e-15
 194.4000000   -5.9759653400e-14   -1.0673932592e-14   -1.6651490283e-15
 194.8000000   -9.7238015249e-14   -8.7341523751e-15   -6.3307774007e-15
 195.2000000   -5.9459558711e-14    5.0665082819e-16   -9.8183485905e-15
 195.6000000   -3.3915618400e-14    6.5112053336e-15   -2.0862677853e-15
 196.0000000   -3.8173165473e-14    4.6276911380e-15    3.4225179859e-15
 196.4000000   -4.1935621241e-14    1.1536415868e-15   -1.1637815200e-15
 196.8000000   -1.6843860451e-15    3.6499664978e-15   -2.8528173344e-15
 197.2000000    8.9418329247e-14    8.2283379813e-15    5.0585252548e-15
 197.6000000    1.3280663512e-13    4.9152396709e-15    1.1589442391e-14
 198.0000000    4.7292344045e-14   -4.5552369962e-15    1.0940761168e-14
 198.4000000   -6.2082689798e-14   -8.5672394265e-15    8.7979482989e-15
 198.8000000   -6.2421757332e-14   -4.2304294307e-15    5.4899695241e-15
 199.2000000   -1.6526364554e-14   -1.5041408810e-16   -1.6314988913e-15
 199.6000000   -2.8763539571e-14   -1.2820675007e-15   -5.9893892446e-15
 200.0000000   -4.3413816898e-14   -1.9194145947e-15   -2.2693966825e-15
 200.4000000    3.5047766769e-15    2.7390911327e-15    2.8769441171e-15
 200.8000000    4.2816942690e-14    6.6471131595e-15    2.2873213934e-15
 201.2000000    2.6578031236e-14    3.0948326274e-15   -1.1736599240e-15
 201.6000000    1.0828271920e-14   -3.1931937325e-15   -2.6925712058e-15
 202.0000000    2.1441744816e-14   -4.2003597383e-15   -3.8760245541e-15
 202.4000000    2.5070921047e-14   -1.5041221324e-15   -6.0047205232e-15
 202.8000000    1.1162428615e-14   -1.6178787872e-15   -5.8263785606e-15
 203.2000000   -2.6086102744e-14   -3.9996418669e-15   -2.7787611965e-15
 203.6000000   -8.3465614397e-14   -3.0210480918e-15    1.0011687233e-15
 204.0000000   -8.2517497211e-14    1.4990838306e-15    5.2821871509e-15
 204.4000000    1.9850574386e-14    3.8703720739e-15    7.4381965893e-15
 204.8000000    1.0088004013e-13    1.7392936523e-15    4.1827174713e-15
 205.2000000    5.8907844060e-14   -5.5702877732e-16   -1.7476549796e-16
 205.6000000   -7.2869455255e-15    5.5755280026e-18    4.6442120260e-16
 206.0000000   -7.1719411443e-15    7.8998081597e-16    2.3000201324e-15
 206.4000000   -1.5151768453e-14   -3.3303770145e-16   -1.3129581029e-15
 206.8000000   -5.0638987209e-14   -1.7059748520e-15   -5.7603994048e-15
 207.2000000   -1.0263395620e-14   -1.1555815876e-15   -4.1689373601e-15
 207.6000000    6.7700014781e-14    8.3270858914e-16   -1.9223796223e-15
 208.0000000    2.7863987258e-14    1.6644098520e-15   -4.4767730885e-15
 208.4000000   -7.9363258615e-14    6.9681665296e-16   -4.7335419266e-15
 208.8000000   -7.5083032249e-14    1.2309656618e-16    1.9267409436e-15
 209.2000000    6.0149706596e-15    9.9399043538e-16    7.5066461314e-15
 209.6000000    2.2459618630e-14    1.3683541479e-15    6.1686507648e-15
 210.0000000    2.7066830466e-14   -5.1544100935e-16    2.9259490422e-15
 210.4000000    1.0539583508e-13   -2.5459351471e-15    2.5296359882e-15
 210.8000000    1.2516653011e-13   -1.7325803560e-15    2.8747188401e-15
 211.2000000   -2.2751764992e-14    3.4927826116e-16    1.2464400145e-15
 211.6000000   -1.6818149949e-13    6.3613655802e-16   -1.5407372596e-15
 212.0000000   -1.3039807510e-13   -1.5405928048e-18   -3.5462701062e-15
 212.4000000   -9.3002958245e-15    5.2776553450e-16   -3.8650774348e-15
 212.8000000    2.5795530151e-14    8.2598419302e-16   -2.7062946983e-15
 213.2000000    1.7625844072e-14   -6.6707925802e-16   -1.6042889493e-15
 213.6000000    7.8189010209e-14   -1.5970642738e-15   -1.7514959400e-15
 214.0000000    1.4053328172e-13   -1.0898164502e-15   -2.5605383144e-15
 214.4000000    6.8357424361e-14   -1.0038578377e-15   -3.3537665936e-15
 214.8000000   -8.4782090258e-14   -8.3452195288e-16   -3.5436794841e-15
 215.2000000   -1.3638982463e-13   -8.9548856339e-16   -2.1998143573e-15
 215.6000000   -5.9823492908e-14   -2.5866125949e-15   -1.0898970829e-16
 216.0000000    1.5480017799e-15   -2.7226631429e-15    7.8086753668e-16
 216.4000000   -2.8274792888e-15    1.3748149876e-15    1.4930970485e-15
 216.8000000    1.8387501402e-14    4.8096507624e-15    4.7168716864e-15
 217.2000000    7.8210920332e-14    2.6202724589e-15    8.4178397640e-15
 217.6000000    7.8226482627e-14   -7.9548866770e-16    7.7337095473e-15
 218.0000000    4.7630181797e-15   -5.0054123691e-16    3.2931552759e-15
 218.4000000   -4.8168019778e-14   -7.5447190825e-16    1.9074400793e-16
 218.8000000   -4.0011976754e-14   -3.2499214813e-15    2.0353545767e-16
 219.2000000   -1.6990737817e-14   -2.0021674562e-15    7.7148497836e-16
 219.6000000   -1.6626841468e-14    2.3515591479e-15   -2.9989168224e-16
 220.0000000   -2.5805120619e-14    3.3593676049e-15   -2.7477550254e-15
 220.4000000   -1.0023132535e-14    1.2303906745e-15   -5.0975929157e-15
 220.8000000    3.3964709404e-14    7.3389048671e-17   -5.6761044389e-15
 221.2000000    5.6207197640e-14    2.3173542610e-16   -4.0714694941e-15
 221.6000000    2.4979112958e-14    2.3368471308e-16   -2.6694777959e-15
 222.0000000   -1.2027482038e-14    3.0863830599e-16   -3.5145023817e-15
 222.4000000   -1.0569954354e-14   -1.7307308793e-17   -4.0542377863e-15
 222.8000000   -3.0780070388e-15   -1.7092880210e-15   -6.5321382639e-16
 223.2000000   -1.5959909743e-14   -2.3533200107e-15    4.9796300982e-15
 223.6000000   -2.1560011015e-14   -6.3086896362e-16    7.7597140947e-15
 224.0000000   -1.5641925633e-14    2.6814757928e-16    6.1818890043e-15
 224.4000000   -1.7814357703e-14    2.0807688276e-18    3.8101176044e-15
 224.8000000   -7.5321824296e-15    1.0882362252e-15    4.3091453581e-15
 225.2000000    2.6052039160e-14    1.4251407946e-15    6.1283607120e-15
 225.6000000    4.0830910607e-14   -1.2894411573e-15    4.1327418777e-15
 226.0000000    2.2364130479e-14   -3.0055007161e-15   -2.4332541167e-15
 226.4000000    6.5885095941e-15   -1.0617969617e-15   -7.8081047817e-15
 226.8000000    6.0837065521e-15    6.4181470424e-16   -7.5440850967e-15
 227.2000000    4.0579091197e-15    5.4355074646e-16   -4.2899768593e-15
 227.6000000   -1.3395777690e-14    1.1391990680e-15   -3.3765016904e-15
 228.0000000   -5.1075923908e-14    1.4006251106e-15   -5.3118421929e-15
 228.4000000   -7.0881610946e-14   -5.1995605560e-16   -5.6727166987e-15
 228.8000000   -2.5387294974e-14   -1.9481423597e-15   -1.7484190542e-15
 229.2000000    3.4539138015e-14   -6.5494013817e-16    3.5909361229e-15
 229.6000000    3.9669361872e-14    1.0324406138e-15    5.8152673435e-15
 230.0000000    5.1930514257e-14    8.5804342164e-16    4.6316588136e-15
 230.4000000    1.0897976852e-13    3.5537013131e-16    3.5912777371e-15
 230.8000000    7.3608207314e-14    6.5644945777e-16    4.8165847585e-15
 231.2000000   -9.6495132750e-14    8.8698209400e-17    6.4482552306e-15
 231.6000000   -1.8541195649e-13   -1.1219005520e-15    5.2848312314e-15
 232.0000000   -7.6702379047e-14   -6.3153581815e-16    1.3443731486e-15
 232.4000000    4.7885050699e-14    9.5298158326e-16   -1.7816088239e-15
 232.8000000    5.2632474995e-14    1.0452392833e-15   -2.1988788591e-15
 233.2000000    3.6802695072e-14    4.3955576329e-17   -1.6477370972e-15
 233.6000000    6.8239045504e-14   -1.8941311609e-16   -1.7858050703e-15
 234.0000000    6.3428488939e-14   -4.1235543170e-16   -2.7581973779e-15
 234.4000000   -1.0243763734e-14   -1.5636198527e-15   -3.7664364287e-15
 234.8000000   -6.8971019370e-14   -2.0634386489e-15   -3.1094284242e-15
 235.2000000   -6.0010123089e-14   -8.1100690400e-16   -3.9946431515e-16
 235.6000000   -1.8266049772e-14    8.1914803786e-16    1.8786913493e-15
 236.0000000    6.6925765960e-15    1.2940406901e-15    1.8680921312e-15
 236.4000000    4.2046032200e-15    9.3225959921e-16    1.6716379189e-15
 236.8000000   -6.3849081939e-16    9.4120025069e-16    3.4244911798e-15
 237.2000000    1.5849280436e-14    1.2690340507e-15    4.5682025417e-15
 237.6000000    3.9375574871e-14    5.4037308935e-16    2.3956362811e-15
 238.0000000    3.4157020615e-14   -1.5160799548e-15   -4.2210106284e-16
 238.4000000   -2.1048974859e-15   -3.0059375399e-15   -7.9853701310e-16
 238.8000000   -2.8825402690e-14   -2.5380030765e-15   -3.6325220366e-16
 239.2000000   -2.1407405058e-14   -1.2877939106e-15   -7.7666138543e-16
 239.6000000   -6.8764101903e-15   -7.4099161661e-16   -1.2044310509e-15
 240.0000000   -1.1594437899e-14   -5.9209202666e-16   -2.2720964611e-15
 240.4000000   -1.3943024609e-14    1.7757719729e-16   -4.1510119499e-15
 240.8000000    5.3006412312e-15    1.7179685031e-15   -3.5571445913e-15
 241.2000000    1.7739683375e-14    2.5659153067e-15    9.3651043223e-17
 241.6000000    5.4841082609e-15    1.5010667016e-15    2.1131630487e-15
 242.0000000   -1.1014291178e-15   -1.8824926235e-17    8.3067109316e-16
 242.4000000    1.1068452191e-14   -4.1312323791e-16    2.7810537550e-16
 242.8000000    1.5005891182e-14   -4.3311219715e-16    1.5213693942e-15
 243.2000000    1.0390453883e-14   -8.7595558454e-16    4.0209168215e-16
 243.6000000    1.6656371597e-14   -1.3702557008e-15   -3.7973983982e-15
 244.0000000    4.8346669205e-15   -7.4850989100e-16   -6.3344991599e-15
 244.4000000   -4.9740886507e-14    1.4013247274e-15   -4.9317451874e-15
 244.8000000   -8.1308438249e-14    2.4017407580e-15   -2.6444958110e-15
 245.2000000   -2.8039108348e-14    8.2488626543e-16   -1.9514007689e-15
 245.6000000    4.6311432427e-14   -2.6927619471e-16   -1.5911779487e-15
 246.0000000    5.5244160758e-14    5.5734690557e-17   -7.3438362816e-16
 246.4000000    3.1455995464e-14   -5.4588553182e-16   -9.1716767296e-16
 246.8000000    3.8314806565e-14   -1.9222343758e-15   -1.6745727634e-15
 247.2000000    3.9242604492e-14   -2.1042382133e-15   -4.0432217267e-16
 247.6000000   -1.8126793742e-14   -7.2599714102e-16    1.8132774039e-15
 248.0000000   -8.2240389726e-14    5.6150649376e-16    1.8166622921e-15
 248.4000000   -7.5379378004e-14    4.3893834675e-16    1.0066067387e-15
 248.8000000   -1.5797780245e-14   -3.0037841946e-17    2.6484449990e-15
 249.2000000    2.3862548361e-14    1.1649852453e-16    5.2181678169e-15
 249.6000000    2.3575989710e-14    1.5200104899e-17    4.4425479807e-15
 250.0000000    1.9957272007e-14   -7.7711150000e-16    2.8812857323e-16
 250.4000000    3.6364798437e-14   -1.4257544629e-15   -2.8495734456e-15
 250.8000000    4.9406918377e-14   -1.0432012676e-15   -3.2325465047e-15
 251.2000000    2.4158883696e-14    6.6433903889e-17   -3.3411469409e-15
 251.6000000   -2.9449900540e-14    5.6389502506e-16   -3.7621270067e-15
 252.0000000   -5.8490046858e-14    2.6781752789e-16   -2.3018661811e-15
 252.4000000   -3.8836021383e-14    3.8429661474e-16    4.8917673624e-16
 252.8000000   -8.8306712505e-15    5.7983096475e-16    4.2103495627e-16
 253.2000000   -3.5830456593e-15   -3.8080559912e-16   -3.9728111050e-15
 253.6000000   -2.5463588137e-15   -1.1714339044e-15   -7.2937064879e-15
 254.0000000    2.0275971782e-14   -3.4760153915e-16   -4.8419648882e-15
 254.4000000    4.3014435163e-14    6.5618116574e-16   -1.9067032315e-15
 254.8000000    3.3946256405e-14    6.7895556070e-16   -4.9573873921e-15
 255.2000000    3.2948193184e-15    5.2842310989e-16   -7.6289528112e-15
 255.6000000   -1.6704809048e-14    8.5670160611e-16   -1.3669088695e-15
 256.0000000   -1.6287771365e-14    1.0826838699e-15    6.7806830161e-15
 256.4000000   -1.0805077220e-14    4.5895740680e-16    5.9474645022e-15
 256.8000000   -1.3926212491e-14   -6.8749243787e-16    1.0531305006e-15
 257.2000000   -2.0237676816e-14   -1.2269622654e-15    1.0952625460e-15
 257.6000000   -1.3899319304e-14   -8.4804045027e-16    1.7121833124e-15
 258.0000000    6.9773978606e-15   -3.6523282389e-16   -1.1353833123e-15
 258.4000000    2.4093044089e-14   -2.3131236317e-16    8.9816269673e-16
 258.8000000    2.3145908739e-14   -4.9177008041e-16    9.2859339952e-15
 259.2000000    1.1298315814e-14   -6.1533940902e-16    1.1641379933e-14
 259.6000000    3.0820111103e-15    1.7132658632e-16    5.5128896282e-15
 260.0000000    1.3488001113e-15    7.2612902179e-16    2.5846831824e-15
 260.4000000   -2.3122169828e-15    2.3855312886e-16    5.4880029002e-15
 260.8000000   -1.4496841065e-14    6.5781406475e-17    3.4206098633e-15
 261.2000000   -2.7246101001e-14    2.7077731764e-16   -8.2549115939e-15
 261.6000000   -2.2458083679e-14    3.8567122406e-17   -1.9094617393e-14
 262.0000000    1.5943148044e-15   -1.4946686211e-16   -1.8382599176e-14
 262.4000000    2.0732661102e-14   -4.2358402116e-17   -1.0301857144e-14
 262.8000000    1.8590376369e-14    8.0713943138e-18   -6.0019012396e-15
 263.2000000    1.0864199588e-14   -1.7296447743e-16   -6.6029666417e-15
 263.6000000    1.3762568902e-14   -3.5891624596e-16   -5.2588276626e-15
 264.0000000    1.1695255252e-14   -1.7162210533e-16   -2.0297355676e-15
 264.4000000   -1.2553861000e-14    5.4497242167e-17   -2.5987950090e-15
 264.8000000   -3.6165100357e-14    6.7872952384e-17   -3.7507611338e-15
 265.2000000   -2.5509474778e-14    2.4765050892e-16    1.5686436259e-15
 265.6000000    6.4608460727e-15    4.0101628069e-16    7.2131934001e-15
 266.0000000    1.9462321564e-14    1.1815925576e-16    4.7363515895e-15
 266.4000000    1.1348483366e-14   -1.7404069007e-16    2.4653606679e-15
 266.8000000    9.7708537351e-15    4.2964685583e-17    9.2210082256e-15
 267.2000000    1.2458100425e-14    4.2668070718e-16    1.5099371127e-14
 267.6000000   -2.3606893190e-15    4.9579695853e-16    9.5587275051e-15
 268.0000000   -2.2028278632e-14    4.9967979644e-16   -5.7942788991e-17
 268.4000000   -1.7390008756e-14    7.4169564197e-16   -2.9997996354e-15
 268.8000000    3.4504865272e-15    6.9413674561e-16   -1.2598945245e-15
 269.2000000    1.1525663565e-14   -9.1831304128e-17   -1.4054294576e-15
 269.6000000    5.4724842504e-15   -9.8383207508e-16   -2.9479064527e-15
 270.0000000    2.2310799919e-15   -1.1910195059e-15   -1.6186040757e-15
 270.4000000    2.5449921592e-15   -6.9705194489e-16    2.2275763611e-15
 270.8000000   -1.6947524783e-15   -3.2646913554e-16    2.9063243807e-15
 271.2000000   -6.0554778354e-15   -6.0612693193e-16   -2.2378906209e-15
 271.6000000   -3.3494432904e-15   -5.5574725147e-16   -7.6215922993e-15
 272.0000000    1.6196874885e-15    4.6797182902e-16   -8.3683956620e-15
 272.4000000    2.1678429194e-15    1.1632056825e-15   -8.5742575984e-15
 272.8000000    4.4665856182e-16    6.5130177951e-16   -1.3482305126e-14
 273.2000000   -7.7351478025e-17   -3.0185885480e-18   -1.9651211728e-14
 273.6000000   -2.1551575682e-16   -8.7121066110e-17   -1.8211530373e-14
 274.0000000   -6.6689142343e-17   -2.7205062707e-16   -7.3184396388e-15
 274.4000000    1.1754393681e-15   -7.3950126182e-16    2.2521757258e-15
 274.8000000    1.4597296900e-15   -9.7304902462e-16    1.6435509645e-15
 275.2000000   -5.3554424771e-16   -8.6431456573e-16   -2.3300951841e-15
 275.6000000   -2.0353792155e-15   -3.2971221539e-16   -6.4006414567e-16
 276.0000000   -1.1909823065e-15    5.3739492385e-16    3.2686135500e-15
 276.4000000   -3.3570438715e-17    9.4940545745e-16    4.8602941827e-15
 276.8000000    1.2234003704e-16    7.3206141041e-16    7.7147661529e-15
 277.2000000    5.7271904990e-16    8.4175540498e-16    1.1765439012e-14
 277.6000000    1.4467036500e-15    1.5516086150e-15    1.0176039051e-14
 278.0000000    1.0579830128e-15    1.5775271905e-15    4.4416124645e-15
 278.4000000   -5.2402925171e-16    7.5227628965e-17    4.3971084083e-15
 278.8000000   -1.2354266228e-15   -1.4883952597e-15    8.8001100557e-15
 279.2000000   -4.9888714740e-16   -1.4858702578e-15    5.2785661503e-15
 279.6000000    2.1644670886e-16   -8.9177096441e-16   -7.6525604106e-15
 280.0000000    2.8149318448e-16   -1.1638136291e-15   -1.7337183483e-14
 280.4000000    4.2184755057e-16   -1.7303265661e-15   -1.6464519885e-14
 280.8000000    4.0180806286e-16   -1.8311871341e-15   -1.0806902514e-14
 281.2000000   -6.4461989707e-16   -1.6039974936e-15   -8.6530248137e-15
 281.6000000   -1.5949728654e-15   -6.7083181124e-16   -1.1910667748e-14
 282.0000000   -5.8802489188e-16    9.4727792274e-16   -1.5446405434e-14
 282.4000000    1.3226396339e-15    1.6786163773e-15   -1.2248791722e-14
 282.8000000    1.6423019951e-15    9.4931316544e-16   -2.4764492178e-15
 283.2000000    7.7354903247e-16    4.5838566397e-16    5.0999671413e-15
 283.6000000    6.0561040018e-16    9.6530792607e-16    4.5858587967e-15
 284.0000000    3.0064560131e-16    8.3526824405e-16    6.4891334064e-16
 284.4000000   -1.7011562024e-15   -6.5007032138e-16    3.8079363052e-16
 284.8000000   -3.3702922515e-15   -1.6787263844e-15    3.3283090097e-15
 285.2000000   -1.8320934086e-15   -9.1834658926e-16    5.1965854134e-15
 285.6000000    1.3959136246e-15    4.2648271883e-16    5.6287587221e-15
 286.0000000    2.6106423953e-15    6.9243140955e-16    5.6360556972e-15
 286.4000000    1.6292266113e-15    3.0993393300e-16    3.8655900778e-15
 286.8000000    9.8199485856e-16    6.9020262107e-16    1.2920834669e-15
 287.2000000    9.5474343643e-16    1.4162161094e-15    1.6936089751e-15
 287.6000000   -2.9834553555e-16    9.7545184991e-16    4.1877509365e-15
 288.0000000   -2.4459412247e-15   -1.8370527247e-16    3.2401812237e-15
 288.4000000   -2.8289169185e-15   -3.8348229559e-16   -2.9680906728e-15
 288.8000000   -8.2363364152e-16    1.9632489451e-17   -9.8739972442e-15
 289.2000000    1.0942595693e-15   -4.5160730039e-16   -1.2364126142e-14
 289.6000000    1.2650978901e-15   -1.2409586204e-15   -1.0243696462e-14
 290.0000000    7.7440765140e-16   -1.0083003800e-15   -7.7600751715e-15
 290.4000000    7.8097118077e-16   -4.5290848768e-16   -8.7472581482e-15
 290.8000000    7.7165166305e-16   -7.5081205095e-16   -1.1602390655e-14
 291.2000000    2.1114909426e-16   -1.1118702394e-15   -1.0464956641e-14
 291.6000000   -4.3781597943e-16   -5.7592307812e-16   -3.6479152837e-15
 292.0000000   -7.7432260414e-16   -5.5992510274e-17    3.1475953331e-15
 292.4000000   -8.4130163677e-16   -3.7343256609e-16    4.9299445716e-15
 292.8000000   -6.4542625374e-16   -6.5295650728e-16    3.3618718542e-15
 293.2000000   -3.6349175896e-16   -3.3348937085e-16    2.3857706800e-15
 293.6000000   -2.3857789582e-16   -3.3604115815e-16    3.0370975102e-15
 294.0000000    1.2373937164e-16   -9.8778046760e-16    4.0644841661e-15
 294.4000000    1.0672469621e-15   -1.0705427336e-15    3.9646446553e-15
 294.8000000    1.6917531256e-15   -1.4847762473e-16    2.2328659905e-15
 295.2000000    9.7312318925e-16    3.6689733602e-16    1.9361042538e-16
 295.6000000   -4.3847500038e-16   -2.3474398832e-16   -6.2241891034e-16
 296.0000000   -1.1500075435e-15   -6.3906185701e-16   -4.8944191769e-16
 296.4000000   -1.0426084749e-15    4.6656350112e-17   -4.8187336240e-16
 296.8000000   -8.9215533532e-16    8.3398102888e-16   -4.6398269447e-16
 297.2000000   -7.2202067282e-16    9.2830276577e-16    6.3055609557e-16
 297.6000000    4.6803398246e-17    8.5844628382e-16    2.4263010088e-15
 298.0000000    1.1833050796e-15    6.6678489455e-16    2.6183568604e-15
 298.4000000    1.6232654129e-15   -2.8417939451e-16    2.2471568065e-16
 298.8000000    9.5785043389e-16   -1.2758283434e-15   -2.2712747332e-15
 299.2000000   -1.0176151439e-17   -1.1312350464e-15   -2.1350339449e-15
 299.6000000   -5.4522485502e-16   -9.7982737592e-16   -8.7220749732e-16
 300.0000000   -8.5839119331e-16   -2.5780752020e-15   -2.8515503870e-15
 300.4000000   -1.1424230970e-15   -4.4745569781e-15   -8.6868960130e-15
 300.8000000   -8.8087867986e-16   -3.7988194627e-15   -1.2820869566e-14
 301.2000000    2.7297713516e-17   -1.1831439505e-15   -1.0426613564e-14
 301.6000000    6.9432751307e-16    7.0063328525e-17   -4.2770184944e-15
 302.0000000    6.9338772753e-16   -7.3637220264e-16   -9.4702732693e-16
 302.4000000    7.0361210338e-16   -1.0321881824e-15   -1.7700957273e-15
 302.8000000    9.2153367366e-16    4.4991274001e-16   -1.8059717160e-15
 303.2000000    4.9633738870e-16    1.9318847632e-15    2.5059089830e-15
 303.6000000   -6.1966416208e-16    1.7763261288e-15    8.7384386579e-15
 304.0000000   -1.1130104075e-15    7.2024096440e-16    1.1899578349e-14
 304.4000000   -5.5691533027e-16    2.9721245265e-16    1.0132465135e-14
 304.8000000   -2.5877009538e-16    6.0320730256e-16    6.1731808022e-15
 305.2000000   -7.3995062088e-16    6.3727995384e-16    3.8661254822e-15
 305.6000000   -4.7863295527e-16    2.4622762711e-16    4.5440151616e-15
 306.0000000    1.2845004765e-15    2.9507950677e-16    6.0191655521e-15
 306.4000000    2.5420921236e-15    8.3064478935e-16    4.3852174606e-15
 306.8000000    1.4271175465e-15    6.9645074683e-16   -1.9015494419e-15
 307.2000000   -6.0933815277e-16   -4.7192899068e-16   -8.8387946946e-15
 307.6000000   -1.1286340158e-15   -1.3690366462e-15   -1.0460030847e-14
 308.0000000   -7.6402864563e-16   -1.1049372748e-15   -7.2601961240e-15
 308.4000000   -1.6400394253e-15   -7.9585101293e-16   -5.4140573851e-15
 308.8000000   -2.7643483931e-15   -1.6600185691e-15   -7.1221540732e-15
 309.2000000   -1.1744062445e-15   -2.8350073301e-15   -8.5130731274e-15
 309.6000000    2.4542610798e-15   -2.6416360770e-15   -6.4377744050e-15
 310.0000000    3.9424845664e-15   -1.1069399852e-15   -2.1336752460e-15
 310.4000000    2.1608345905e-15    6.4803016193e-17    1.5695271404e-15
 310.8000000    6.6367317497e-16   -5.5275537922e-17    3.0866512585e-15
 311.2000000    1.0254975743e-15   -3.6306565306e-16    2.6542976156e-15
 311.6000000   -1.8350975477e-16    2.5966876733e-16    2.1482497244e-15
 312.0000000   -4.4557958852e-15    1.0317303298e-15    2.9983370744e-15
 312.4000000   -6.8429669355e-15    7.8586726336e-16    4.4348587295e-15
 312.8000000   -3.4303078133e-15   -1.8427416782e-17    4.8415735133e-15
 313.2000000    1.7471995366e-15   -2.2341367976e-16    3.6511867081e-15
 313.6000000    3.2861149996e-15    1.6419945367e-16    1.8609447570e-15
 314.0000000    2.9993606251e-15    2.6423903232e-16    9.4427367946e-16
 314.4000000    4.9138708806e-15   -7.9208187818e-17    9.9564555065e-16
 314.8000000    6.2586887772e-15   -1.5668280687e-16    1.1491913703e-15
 315.2000000    1.8540372192e-15    1.8275774702e-16    1.4590664594e-15
 315.6000000   -5.5085922535e-15    2.1598884802e-16    2.1050416554e-15
 316.0000000   -7.9878313465e-15   -2.2937729097e-16    1.8704809340e-15
 316.4000000   -4.5031198526e-15   -3.8645671129e-16    7.4200125624e-17
 316.8000000   -9.3626513085e-16    3.3927506881e-17   -1.5894829035e-15
 317.2000000    3.7763046649e-16    3.2766660516e-16   -1.5332319257e-15
 317.6000000    2.3733018946e-15    9.4560521213e-17   -7.6246060832e-16
 318.0000000    5.1796512449e-15    2.0415987447e-17   -1.1556530884e-15
 318.4000000    5.2075162708e-15    6.2882394013e-16   -2.9942201193e-15
 318.8000000    2.1377622802e-15    1.0021327860e-15   -4.9541923145e-15
 319.2000000   -5.5287280415e-16    1.1192086989e-16   -5.2070292628e-15
 319.6000000   -1.4640166363e-15   -1.1796185155e-15   -2.9864667492e-15
 320.0000000   -1.9910304377e-15   -1.3025685959e-15   -9.9942155177e-17
