#       time       r = 30.000000       r = 60.000000       r = 90.000000
   0.0000000   -1.5983610976e-20   -1.5986919699e-20   -1.5986919699e-20
   0.4000000    3.9056052302e-15    3.9056052302e-15    3.9056052302e-15
   0.8000000    3.9729511550e-13    3.9729511550e-13    3.9729511550e-13
   1.2000000   -6.3948144998e-12   -6.3948144998e-12   -6.3948144998e-12
   1.6000000    9.6657954475e-12    9.6657954475e-12    9.6657954475e-12
   2.0000000   -2.0927320465e-11   -2.0927320465e-11   -2.0927320465e-11
   2.4000000    3.1305701079e-11    3.1305701079e-11    3.1305701079e-11
   2.8000000   -1.8187822536e-12   -1.8187822536e-12   -1.8187822536e-12
   3.2000000    4.1628622268e-12    4.1628622268e-12    4.1628622268e-12
   3.6000000    1.0301675059e-12    1.0301675059e-12    1.0301675059e-12
   4.0000000   -1.5415910048e-12   -1.5415910048e-12   -1.5415910048e-12
   4.4000000    1.1226926251e-11    1.1226926251e-11    1.1226926251e-11
   4.8000000    8.8549973697e-12    8.8549973697e-12    8.8549973697e-12
   5.2000000    2.7112195239e-11    2.7112195239e-11    2.7112195239e-11
   5.6000000   -4.4169676814e-11   -4.4169676814e-11   -4.4169676814e-11
   6.0000000   -4.1349779651e-12   -4.1349779651e-12   -4.1349779651e-12
   6.4000000    4.4494999044e-14    4.4494999052e-14    4.4494999052e-14
   6.8000000   -7.8152349596e-13   -7.8152349596e-13   -7.8152349596e-13
   7.2000000   -1.6931473099e-13   -1.6931473100e-13   -1.6931473100e-13
   7.6000000   -4.3709535915e-13   -4.3709535915e-13   -4.3709535915e-13
   8.0000000   -3.3821862385e-12   -3.3821862385e-12   -3.3821862385e-12
   8.4000000    1.5996484063e-12    1.5996484063e-12    1.5996484063e-12
   8.8000000    6.7697964735e-14    6.7697964734e-14    6.7697964734e-14
   9.2000000   -1.4714891153e-12   -1.4714891153e-12   -1.4714891153e-12
   9.6000000   -1.4886207026e-13   -1.4886207026e-13   -1.4886207026e-13
  10.0000000    1.1609013663e-12    1.1609013663e-12    1.1609013663e-12
  10.4000000    1.1144551890e-12    1.1144551890e-12    1.1144551890e-12
  10.8000000    1.1839032716e-12    1.1839032715e-12    1.1839032715e-12
  11.2000000    8.2785080361e-13    8.2785080360e-13    8.2785080360e-13
  11.6000000    3.0322561342e-13    3.0322561342e-13    3.0322561342e-13
  12.0000000    3.7906436272e-13    3.7906436272e-13    3.7906436272e-13
  12.4000000    2.7825454380e-13    2.7825454379e-13    2.7825454379e-13
  12.8000000    3.7791896378e-14    3.7791896380e-14    3.7791896380e-14
  13.2000000    5.0542993438e-14    5.0542993441e-14    5.0542993441e-14
  13.6000000   -4.1167493269e-13   -4.1167493269e-13   -4.1167493269e-13
  14.0000000   -5.1888673565e-13   -5.1888673565e-13   -5.1888673565e-13
  14.4000000   -4.1390967245e-13   -4.1390967245e-13   -4.1390967245e-13
  14.8000000   -4.4604866115e-13   -4.4604866115e-13   -4.4604866115e-13
  15.2000000   -1.0337058306e-13   -1.0337058305e-13   -1.0337058305e-13
  15.6000000    1.7020960191e-13    1.7020960191e-13    1.7020960191e-13
  16.0000000   -3.7436693910e-13   -3.7436693910e-13   -3.7436693910e-13
  16.4000000    4.8922751063e-13    4.8922751064e-13    4.8922751064e-13
  16.8000000    1.4311604433e-13    1.4311604433e-13    1.4311604433e-13
  17.2000000    3.4272713040e-13    3.4272713040e-13    3.4272713040e-13
  17.6000000    8.8746737893e-15    8.8746737855e-15    8.8746737855e-15
  18.0000000    1.1808086036e-13    1.1808086036e-13    1.1808086036e-13
  18.4000000    3.5395229519e-14    3.5395229520e-14    3.5395229520e-14
  18.8000000    2.5663542814e-13    2.5663542818e-13    2.5663542818e-13
  19.2000000    1.2868670956e-13    1.2868670934e-13    1.2868670934e-13
  19.6000000    1.9765746413e-13    1.9765746402e-13    1.9765746402e-13
  20.0000000    7.8360477249e-14    7.8360481085e-14    7.8360481085e-14
  20.4000000   -9.9597082018e-15   -9.9597134250e-15   -9.9597134250e-15
  20.8000000   -2.5340378622e-14   -2.5340418096e-14   -2.5340418096e-14
  21.2000000   -1.0048530882e-13   -1.0048523425e-13   -1.0048523425e-13
  21.6000000   -1.0580533945e-13   -1.0580520153e-13   -1.0580520153e-13
  22.0000000   -7.7194438367e-14   -7.7194735395e-14   -7.7194735395e-14
  22.4000000   -1.2267163591e-13   -1.2267174861e-13   -1.2267174861e-13
  22.8000000   -1.3871506708e-13   -1.3871472913e-13   -1.3871472913e-13
  23.2000000   -2.0869645862e-14   -2.0869654285e-14   -2.0869654285e-14
  23.6000000   -9.5813970263e-14   -9.5814028936e-14   -9.5814028936e-14
  24.0000000    1.3539348811e-13    1.3539350537e-13    1.3539350537e-13
  24.4000000   -5.8660646473e-14   -5.8660729826e-14   -5.8660729826e-14
  24.8000000    1.8923593625e-13    1.8923579731e-13    1.8923579731e-13
  25.2000000    2.6487796859e-14    2.6487800547e-14    2.6487800547e-14
  25.6000000   -4.3098516172e-14   -4.3098361981e-14   -4.3098361981e-14
  26.0000000    9.3537365961e-14    9.3537640012e-14    9.3537640012e-14
  26.4000000   -6.4720061352e-14   -6.4719862303e-14   -6.4719862303e-14
  26.8000000    8.4114615129e-14    8.4114600582e-14    8.4114600583e-14
  27.2000000   -4.7098085486e-14   -4.7098634067e-14   -4.7098634067e-14
  27.6000000    1.3246414752e-13    1.3246346403e-13    1.3246346403e-13
  28.0000000   -1.5681507836e-13   -1.5681462678e-13   -1.5681462678e-13
  28.4000000    1.2809037031e-13    1.2809115766e-13    1.2809115766e-13
  28.8000000   -9.0297590650e-14   -9.0297424039e-14   -9.0297424039e-14
  29.2000000    2.9902975235e-14    2.9902793135e-14    2.9902793135e-14
  29.6000000    7.4820531328e-15    7.4813575897e-15    7.4813575897e-15
  30.0000000   -1.6774074157e-14   -1.6774095384e-14   -1.6774095384e-14
  30.4000000   -2.6346635727e-15   -2.6335979299e-15   -2.6335979299e-15
  30.8000000   -2.7280645000e-14   -2.7280904998e-14   -2.7280904998e-14
  31.2000000   -1.6881757399e-14   -1.6883037664e-14   -1.6883037664e-14
  31.6000000   -6.6177017504e-14   -6.6176912295e-14   -6.6176912295e-14
  32.0000000    4.1538948003e-14    4.1539386056e-14    4.1539386056e-14
  32.4000000   -7.5954584086e-14   -7.5954368983e-14   -7.5954368983e-14
  32.8000000    6.6962362241e-14    6.6962507015e-14    6.6962507015e-14
  33.2000000   -2.4304737413e-14   -2.4305024664e-14   -2.4305024664e-14
  33.6000000   -4.2219733140e-15   -4.2220095404e-15   -4.2220095404e-15
  34.0000000    3.0152783089e-14    3.0153019482e-14    3.0153019482e-14
  34.4000000   -1.7232495860e-14   -1.7232468480e-14   -1.7232468480e-14
  34.8000000    3.1127944076e-14    3.1127796459e-14    3.1127796458e-14
  35.2000000   -4.5673725852e-14   -4.5673814339e-14   -4.5673814339e-14
  35.6000000    3.8349372307e-14    3.8349400749e-14    3.8349400749e-14
  36.0000000   -6.6032771401e-14   -6.6032761721e-14   -6.6032761720e-14
  36.4000000    3.3750727335e-14    3.3750672367e-14    3.3750672364e-14
  36.8000000   -4.9302081339e-14   -4.9302102504e-14   -4.9302102504e-14
  37.2000000    1.5380059710e-14    1.5380119662e-14    1.5380119662e-14
  37.6000000   -1.9532763418e-14   -1.9532690865e-14   -1.9532690863e-14
  38.0000000   -2.1572518245e-15   -2.1572245432e-15   -2.1572245416e-15
  38.4000000    8.6891082410e-15    8.6890880578e-15    8.6890880570e-15
  38.8000000   -2.1931600033e-14   -2.1931654892e-14   -2.1931654893e-14
  39.2000000    1.6209556862e-14    1.6209494768e-14    1.6209494770e-14
  39.6000000   -1.8746404234e-14   -1.8746436163e-14   -1.8746436162e-14
  40.0000000    1.3119370145e-14    1.3119373303e-14    1.3119373304e-14
  40.4000000   -2.6476247017e-14   -2.6476220209e-14   -2.6476220208e-14
  40.8000000    2.7795020447e-14    2.7795056075e-14    2.7795056077e-14
  41.2000000   -3.9664248903e-14   -3.9664216014e-14   -3.9664216015e-14
  41.6000000    4.3708146894e-14    4.3708180557e-14    4.3708180557e-14
  42.0000000   -4.6547179044e-14   -4.6547156415e-14   -4.6547156418e-14
  42.4000000    4.5744899825e-14    4.5744896779e-14    4.5744896778e-14
  42.8000000   -3.4740855294e-14   -3.4740881198e-14   -3.4740881196e-14
  43.2000000    3.2983967533e-14    3.2983926825e-14    3.2983926826e-14
  43.6000000   -2.7514948746e-14   -2.7514982333e-14   -2.7514982331e-14
  44.0000000    2.7806285128e-14    2.7806271679e-14    2.7806271678e-14
  44.4000000   -2.4447795427e-14   -2.4447792766e-14   -2.4447792766e-14
  44.8000000    1.8484554775e-14    1.8484557590e-14    1.8484557593e-14
  45.2000000   -3.5062136652e-15   -3.5062086881e-15   -3.5062086881e-15
  45.6000000    1.8946093646e-15    1.8946204207e-15    1.8946204199e-15
  46.0000000    6.9074758645e-15    6.9074800658e-15    6.9074800666e-15
  46.4000000   -3.1683765710e-15   -3.1683793438e-15   -3.1683793438e-15
  46.8000000    3.4577609595e-15    3.4577594176e-15    3.4577594185e-15
  47.2000000   -2.1387580537e-15   -2.1387614195e-15   -2.1387614178e-15
  47.6000000   -1.0791177100e-15   -1.0791209691e-15   -1.0791209691e-15
  48.0000000    1.0220872083e-15    1.0220932475e-15    1.0220932475e-15
  48.4000000   -5.6956901063e-16   -5.6955815554e-16   -5.6955815636e-16
  48.8000000    6.8215970874e-15    6.8216082916e-15    6.8216082924e-15
  49.2000000   -1.0004303117e-14   -1.0004290795e-14   -1.0004290793e-14
  49.6000000    1.9404907663e-14    1.9404918751e-14    1.9404918750e-14
  50.0000000   -1.9703475713e-14   -1.9703464206e-14   -1.9703464208e-14
  50.4000000    2.3154003762e-14    2.3154017234e-14    2.3154017231e-14
  50.8000000   -1.8457738251e-14   -1.8457725510e-14   -1.8457725511e-14
  51.2000000    1.9533388652e-14    1.9533395795e-14    1.9533395794e-14
  51.6000000   -1.3606341901e-14   -1.3606343184e-14   -1.3606343185e-14
  52.0000000    1.2794885434e-14    1.2794879420e-14    1.2794879422e-14
  52.4000000   -8.8120143578e-15   -8.8120181488e-15   -8.8120181488e-15
  52.8000000    7.5570236749e-15    7.5570250298e-15    7.5570250298e-15
  53.2000000   -3.8348105639e-15   -3.8348078946e-15   -3.8348078970e-15
  53.6000000    1.4758723042e-15    1.4758720734e-15    1.4758720742e-15
  54.0000000    1.5163580389e-15    1.5163547955e-15    1.5163547963e-15
  54.4000000   -2.4345758989e-15   -2.4345793871e-15   -2.4345793863e-15
  54.8000000    4.4032209269e-15    4.4032171111e-15    4.4032171103e-15
  55.2000000   -4.2917570068e-15   -4.2917625365e-15   -4.2917625332e-15
  55.6000000    5.6890292741e-15    5.6890234706e-15    5.6890234706e-15
  56.0000000   -5.4516135697e-15   -5.4516183756e-15   -5.4516183814e-15
  56.4000000    6.4060949806e-15    6.4060877403e-15    6.4060877354e-15
  56.8000000   -6.6897256662e-15   -6.6897371342e-15   -6.6897371268e-15
  57.2000000    8.5630949443e-15    8.5630836492e-15    8.5630836674e-15
  57.6000000   -9.0394969457e-15   -9.0395042952e-15   -9.0395042902e-15
  58.0000000    1.0062485240e-14    1.0062481379e-14    1.0062481374e-14
  58.4000000   -9.2789597401e-15   -9.2789641895e-15   -9.2789641879e-15
  58.8000000    9.5414733773e-15    9.5414685317e-15    9.5414685449e-15
  59.2000000   -8.4584021080e-15   -8.4584026175e-15   -8.4584026084e-15
  59.6000000    7.4648548055e-15    7.4648580513e-15    7.4648580488e-15
  60.0000000   -6.6296579145e-15   -6.6296569566e-15   -6.6296569640e-15
  60.4000000    5.1410710303e-15    5.1410688333e-15    5.1410688267e-15
  60.8000000   -4.7421237093e-15   -4.7421254704e-15   -4.7421254844e-15
  61.2000000    3.1880796625e-15    3.1880796666e-15    3.1880796534e-15
  61.6000000   -2.4707420352e-15   -2.4707447360e-15   -2.4707447517e-15
  62.0000000    4.6933230128e-16    4.6932681625e-16    4.6932680136e-16
  62.4000000    3.3528156850e-16    3.3527789830e-16    3.3527787927e-16
  62.8000000   -7.4722752988e-16   -7.4722967972e-16   -7.4722969875e-16
  63.2000000    6.0481714356e-16    6.0481468105e-16    6.0481465871e-16
  63.6000000   -7.1139990895e-16   -7.1140352952e-16   -7.1140355103e-16
  64.0000000    2.8065984157e-16    2.8065375600e-16    2.8065373118e-16
  64.4000000    2.5156250538e-16    2.5155616339e-16    2.5155613774e-16
  64.8000000   -1.3680310646e-15   -1.3680363544e-15   -1.3680363759e-15
  65.2000000    2.0023186284e-15    2.0023157606e-15    2.0023157507e-15
  65.6000000   -3.4874703159e-15   -3.4874704093e-15   -3.4874704077e-15
  66.0000000    4.2674804420e-15    4.2674800722e-15    4.2674800805e-15
  66.4000000   -5.3654310833e-15   -5.3654322066e-15   -5.3654321827e-15
  66.8000000    5.2477742663e-15    5.2477733349e-15    5.2477733713e-15
  67.2000000   -5.5121176319e-15   -5.5121182656e-15   -5.5121182201e-15
  67.6000000    4.7074065726e-15    4.7074066181e-15    4.7074066859e-15
  68.0000000   -4.7052338917e-15   -4.7052321521e-15   -4.7052320479e-15
  68.4000000    3.8477979315e-15    3.8478010987e-15    3.8478012261e-15
  68.8000000   -3.6097355563e-15   -3.6097328059e-15   -3.6097326860e-15
  69.2000000    2.4410216228e-15    2.4410238380e-15    2.4410239463e-15
  69.6000000   -1.9623076276e-15   -1.9623054678e-15   -1.9623053685e-15
  70.0000000    7.0554763093e-16    7.0554856730e-16    7.0554865250e-16
  70.4000000   -3.1625739462e-16   -3.1625763533e-16   -3.1625758487e-16
  70.8000000   -7.8278045323e-16   -7.8278027208e-16   -7.8278022741e-16
  71.2000000    9.8147161534e-16    9.8147218113e-16    9.8147222331e-16
  71.6000000   -1.6921155242e-15   -1.6921170222e-15   -1.6921169916e-15
  72.0000000    1.8920397570e-15    1.8920357650e-15    1.8920357808e-15
  72.4000000   -2.6014495075e-15   -2.6014541562e-15   -2.6014540975e-15
  72.8000000    2.8302432825e-15    2.8302398406e-15    2.8302398911e-15
  73.2000000   -3.6815082446e-15   -3.6815094812e-15   -3.6815094365e-15
  73.6000000    3.8170263404e-15    3.8170279931e-15    3.8170279897e-15
  74.0000000   -4.4169262856e-15   -4.4169217146e-15   -4.4169216286e-15
  74.4000000    4.0105084500e-15    4.0105151369e-15    4.0105152354e-15
  74.8000000   -4.1331451955e-15   -4.1331371602e-15   -4.1331371379e-15
  75.2000000    3.3799653616e-15    3.3799732446e-15    3.3799732785e-15
  75.6000000   -3.0052679487e-15   -3.0052614958e-15   -3.0052614106e-15
  76.0000000    1.6959667051e-15    1.6959713588e-15    1.6959713803e-15
  76.4000000   -1.2354298186e-15   -1.2354260036e-15   -1.2354260268e-15
  76.8000000    1.5132128211e-16    1.5132612277e-16    1.5132609878e-16
  77.2000000    3.0482292132e-17    3.0487428097e-17    3.0487479382e-17
  77.6000000   -9.0696066476e-16   -9.0695651976e-16   -9.0695658179e-16
  78.0000000    9.8622632229e-16    9.8622895355e-16    9.8622892625e-16
  78.4000000   -1.4742342326e-15   -1.4742315402e-15   -1.4742316642e-15
  78.8000000    1.2868277497e-15    1.2868295778e-15    1.2868295240e-15
  79.2000000   -1.4863233565e-15   -1.4863231431e-15   -1.4863233077e-15
  79.6000000    7.5987286738e-16    7.5987204434e-16    7.5987184664e-16
  80.0000000   -5.8466406088e-16   -5.8466410059e-16   -5.8466426023e-16
  80.4000000   -5.0007137675e-16   -5.0006982496e-16   -5.0007005822e-16
  80.8000000    7.3679843341e-16    7.3680197374e-16    7.3680179507e-16
  81.2000000   -1.7163699313e-15   -1.7163657615e-15   -1.7163661296e-15
  81.6000000    1.8615965467e-15    1.8615997330e-15    1.8615995378e-15
  82.0000000   -2.4785852402e-15   -2.4785834609e-15   -2.4785838315e-15
  82.4000000    2.2659598931e-15    2.2659615442e-15    2.2659612786e-15
  82.8000000   -2.5752604101e-15   -2.5752576043e-15   -2.5752580708e-15
  83.2000000    1.9134074179e-15    1.9134124679e-15    1.9134121585e-15
  83.6000000   -1.9674484997e-15   -1.9674418888e-15   -1.9674422859e-15
  84.0000000    1.0346038191e-15    1.0346105540e-15    1.0346102298e-15
  84.4000000   -9.6020240545e-16   -9.6019732821e-16   -9.6019753253e-16
  84.8000000    1.5404855201e-16    1.5405342410e-16    1.5405311308e-16
  85.2000000   -1.3664292574e-16   -1.3663790476e-16   -1.3663795687e-16
  85.6000000   -5.6643940504e-16   -5.6643396302e-16   -5.6643403333e-16
  86.0000000    5.3031082354e-16    5.3031554343e-16    5.3031563442e-16
  86.4000000   -1.2185213643e-15   -1.2185161679e-15   -1.2185160629e-15
  86.8000000    8.2926756690e-16    8.2927286996e-16    8.2927303788e-16
  87.2000000   -1.2984134457e-15   -1.2984076149e-15   -1.2984073882e-15
  87.6000000    8.2500030756e-16    8.2500628229e-16    8.2500657842e-16
  88.0000000   -1.1344155661e-15   -1.1344096650e-15   -1.1344093490e-15
  88.4000000    5.5435745943e-16    5.5436305861e-16    5.5436348792e-16
  88.8000000   -7.5911940924e-16   -7.5911332036e-16   -7.5911283894e-16
  89.2000000    2.9873295957e-16    2.9873820225e-16    2.9873874901e-16
  89.6000000   -7.0597417737e-16   -7.0596953109e-16   -7.0596908359e-16
  90.0000000    8.9998351623e-17    9.0004508328e-17    9.0005098935e-17
  90.4000000   -3.8230286383e-16   -3.8229697844e-16   -3.8229638866e-16
  90.8000000   -3.4715094193e-16   -3.4714894263e-16   -3.4714827013e-16
  91.2000000    1.3406678091e-16    1.3406792491e-16    1.3406871652e-16
  91.6000000   -7.9915073557e-16   -7.9914703146e-16   -7.9914640446e-16
  92.0000000    6.6649572366e-16    6.6650040551e-16    6.6650094483e-16
  92.4000000   -1.3038143097e-15   -1.3038103591e-15   -1.3038098421e-15
  92.8000000    9.7976313913e-16    9.7976326072e-16    9.7976375124e-16
  93.2000000   -1.5104214555e-15   -1.5104249536e-15   -1.5104242927e-15
  93.6000000    9.5321745247e-16    9.5322067020e-16    9.5322125419e-16
  94.0000000   -1.3845940742e-15   -1.3845838701e-15   -1.3845832878e-15
  94.4000000    7.5232391454e-16    7.5232431738e-16    7.5232484015e-16
  94.8000000   -1.0061572607e-15   -1.0061651098e-15   -1.0061648285e-15
  95.2000000    4.4401394717e-16    4.4401848260e-16    4.4401889536e-16
  95.6000000   -7.0939753051e-16   -7.0938470673e-16   -7.0938440480e-16
  96.0000000    5.0343606706e-17    5.0342178993e-17    5.0342622362e-17
  96.4000000   -3.2648351669e-16   -3.2649166193e-16   -3.2649113916e-16
  96.8000000   -3.8868694702e-16   -3.8867796218e-16   -3.8867754446e-16
  97.2000000   -7.2303868924e-17   -7.2291907892e-17   -7.2291428127e-17
  97.6000000   -5.1357480329e-16   -5.1358504379e-16   -5.1358479894e-16
  98.0000000    6.6538834472e-17    6.6532082196e-17    6.6532373364e-17
  98.4000000   -4.5037116105e-16   -4.5034493859e-16   -4.5034471608e-16
  98.8000000   -1.1407483881e-16   -1.1405564491e-16   -1.1405531900e-16
  99.2000000   -2.5223430839e-16   -2.5226395371e-16   -2.5226360630e-16
  99.6000000   -3.9266872400e-16   -3.9269848182e-16   -3.9269804342e-16
 100.0000000   -7.0410455810e-17   -7.0378813670e-17   -7.0378343005e-17
 100.4000000   -6.6346696711e-16   -6.6342374030e-16   -6.6342337221e-16
 100.8000000    1.5976873590e-16    1.5973897643e-16    1.5973928662e-16
 101.2000000   -7.2686834605e-16   -7.2691883136e-16   -7.2691868826e-16
 101.6000000    2.6932393594e-16    2.6935987777e-16    2.6936009531e-16
 102.0000000   -7.2451889999e-16   -7.2446669083e-16   -7.2446655849e-16
 102.4000000    1.6399633855e-16    1.6394245435e-16    1.6394269424e-16
 102.8000000   -5.9944032234e-16   -5.9949006402e-16   -5.9948979188e-16
 103.2000000   -1.0346943375e-16   -1.0340347437e-16   -1.0340330728e-16
 103.6000000   -4.4484291697e-16   -4.4480865763e-16   -4.4480847069e-16
 104.0000000   -2.9066419320e-16   -2.9071243107e-16   -2.9071251958e-16
 104.4000000   -2.7855216303e-16   -2.7855951832e-16   -2.7855949185e-16
 104.8000000   -3.7403055395e-16   -3.7403642694e-16   -3.7403649890e-16
 105.2000000   -5.0710663140e-18   -5.0747265882e-18   -5.0747373416e-18
 105.6000000   -4.5525933773e-16   -4.5517638640e-16   -4.5517638723e-16
 106.0000000   -1.3314551430e-16   -1.3316275026e-16   -1.3316284208e-16
 106.4000000   -6.6024859263e-16   -6.6039155178e-16   -6.6039169074e-16
 106.8000000   -3.0282005236e-17   -3.0216975605e-17   -3.0217019446e-17
 107.2000000   -5.7630651169e-16   -5.7614520486e-16   -5.7614532314e-16
 107.6000000   -3.4702799228e-17   -3.4795665141e-17   -3.4795779292e-17
 108.0000000   -6.1011917856e-16   -6.1023878722e-16   -6.1023914208e-16
 108.4000000    9.4716501329e-17    9.4788609144e-17    9.4788589292e-17
 108.8000000   -6.2699696185e-16   -6.2695988844e-16   -6.2696001831e-16
 109.2000000   -9.3385693455e-17   -9.3397331059e-17   -9.3397401369e-17
 109.6000000   -7.2454638472e-16   -7.2451731098e-16   -7.2451760132e-16
 110.0000000    1.0885532087e-16    1.0876613922e-16    1.0876605650e-16
 110.4000000   -4.5331681490e-16   -4.5339183357e-16   -4.5339191794e-16
 110.8000000   -2.5240244277e-16   -2.5223236865e-16   -2.5223246625e-16
 111.2000000   -7.5280914944e-16   -7.5275623800e-16   -7.5275639186e-16
 111.6000000   -8.5550731337e-17   -8.5783995442e-17   -8.5784035974e-17
 112.0000000   -1.8911470852e-16   -1.8914191532e-16   -1.8914198067e-16
 112.4000000   -2.4413009567e-16   -2.4391929365e-16   -2.4391930854e-16
 112.8000000   -3.9746366088e-16   -3.9747090947e-16   -3.9747093345e-16
 113.2000000   -3.1317607074e-16   -3.1334736495e-16   -3.1334732194e-16
 113.6000000   -5.9614365605e-16   -5.9615177814e-16   -5.9615179385e-16
 114.0000000   -5.1250142974e-16   -5.1241990034e-16   -5.1241986559e-16
 114.4000000   -3.2542053749e-17   -3.2541649257e-17   -3.2541551650e-17
 114.8000000    1.0441624039e-16    1.0441980306e-16    1.0441993624e-16
 115.2000000   -7.4446740602e-16   -7.4449789590e-16   -7.4449784130e-16
 115.6000000   -7.2163384704e-16   -7.2175606960e-16   -7.2175603237e-16
 116.0000000   -2.0801340655e-16   -2.0796376827e-16   -2.0796361772e-16
 116.4000000    4.1725223154e-16    4.1742308239e-16    4.1742333716e-16
 116.8000000   -8.2363909087e-16   -8.2376081629e-16   -8.2376063100e-16
 117.2000000   -9.1275460834e-16   -9.1293967594e-16   -9.1293958413e-16
 117.6000000   -2.7398850750e-16   -2.7381417257e-16   -2.7381400962e-16
 118.0000000    7.0257687628e-16    7.0268463310e-16    7.0268488953e-16
 118.4000000   -9.6504916768e-16   -9.6527698480e-16   -9.6527670438e-16
 118.8000000   -1.0587534315e-15   -1.0587840463e-15   -1.0587838147e-15
 119.2000000    1.1147328795e-16    1.1165967408e-16    1.1165994456e-16
 119.6000000    5.1416156386e-16    5.1409158190e-16    5.1409190863e-16
 120.0000000   -1.1095086814e-15   -1.1096377364e-15   -1.1096374114e-15
 120.4000000   -9.5974763230e-16   -9.5963105525e-16   -9.5963072769e-16
 120.8000000    2.5975635139e-16    2.5976852749e-16    2.5976884512e-16
 121.2000000   -1.3503486926e-16   -1.3523786187e-16   -1.3523752686e-16
 121.6000000   -9.0426049743e-16   -9.0417519277e-16   -9.0417478663e-16
 122.0000000   -4.5875685505e-16   -4.5850576521e-16   -4.5850535244e-16
 122.4000000    3.8927312194e-16    3.8904876244e-16    3.8904913798e-16
 122.8000000   -5.2952426494e-16   -5.2979829664e-16   -5.2979788305e-16
 123.2000000   -1.0340605153e-15   -1.0337598500e-15   -1.0337593951e-15
 123.6000000   -5.4243100888e-16   -5.4225699159e-16   -5.4225655815e-16
 124.0000000    5.3180045092e-16    5.3148771544e-16    5.3148813564e-16
 124.4000000   -6.7010057429e-16   -6.7014912814e-16   -6.7014867815e-16
 124.8000000   -9.8456154273e-16   -9.8438131744e-16   -9.8438082030e-16
 125.2000000   -1.3454851932e-16   -1.3461272095e-16   -1.3461224863e-16
 125.6000000    5.0537182025e-16    5.0535054847e-16    5.0535100011e-16
 126.0000000   -1.2659065603e-15   -1.2658607428e-15   -1.2658602763e-15
 126.4000000   -8.6378842362e-16   -8.6391405581e-16   -8.6391355785e-16
 126.8000000    3.9495709270e-16    3.9496234447e-16    3.9496284408e-16
 127.2000000   -1.6717493391e-16   -1.6702609103e-16   -1.6702563029e-16
 127.6000000   -1.5662481844e-15   -1.5663295442e-15   -1.5663290843e-15
 128.0000000   -6.4545432593e-17   -6.4680587288e-17   -6.4680100906e-17
 128.4000000    9.2047887633e-16    9.2057529415e-16    9.2057578881e-16
 128.8000000   -1.0110802203e-15   -1.0110189924e-15   -1.0110185010e-15
 129.2000000   -2.0601450367e-15   -2.0602813064e-15   -2.0602808473e-15
 129.6000000    4.2726944997e-16    4.2726467631e-16    4.2726512216e-16
 130.0000000    1.3270372342e-15    1.3271749515e-15    1.3271753717e-15
 130.4000000   -1.5221773463e-15   -1.5222680798e-15   -1.5222676629e-15
 130.8000000   -2.2759455968e-15   -2.2760770937e-15   -2.2760766966e-15
 131.2000000    8.4421479585e-16    8.4435604190e-16    8.4435643233e-16
 131.6000000    1.2513467505e-15    1.2514050469e-15    1.2514054324e-15
 132.0000000   -1.4925308673e-15   -1.4927166305e-15   -1.4927162616e-15
 132.4000000   -1.9524928111e-15   -1.9525020954e-15   -1.9525017596e-15
 132.8000000    6.3961767501e-16    6.3978728839e-16    6.3978761265e-16
 133.2000000    3.7337598939e-16    3.7331824888e-16    3.7331853674e-16
 133.6000000   -1.2579969021e-15   -1.2581430104e-15   -1.2581427258e-15
 134.0000000   -1.0753199749e-15   -1.0752378921e-15   -1.0752376258e-15
 134.4000000    2.9474372556e-16    2.9480478969e-16    2.9480502295e-16
 134.8000000   -1.6812425601e-16   -1.6821791106e-16   -1.6821770261e-16
 135.2000000   -8.1353214899e-16   -8.1353632294e-16   -8.1353610622e-16
 135.6000000   -4.6095795702e-16   -4.6093185782e-16   -4.6093168577e-16
 136.0000000   -3.2800223435e-16   -3.2804986507e-16   -3.2804974099e-16
 136.4000000   -8.6677942931e-16   -8.6674898906e-16   -8.6674887160e-16
 136.8000000   -3.1458677102e-16   -3.1454284277e-16   -3.1454276502e-16
 137.2000000    1.1857684374e-16    1.1849353010e-16    1.1849358635e-16
 137.6000000   -1.3954055002e-15   -1.3954596210e-15   -1.3954595862e-15
 138.0000000   -8.4356515135e-16   -8.4349804550e-16   -8.4349803227e-16
 138.4000000    1.0197770715e-15    1.0198269306e-15    1.0198269141e-15
 138.8000000   -2.2126219298e-16   -2.2130719988e-16   -2.2130721642e-16
 139.2000000   -2.1657472026e-15   -2.1658445700e-15   -2.1658446329e-15
 139.6000000   -3.6738223206e-16   -3.6739020939e-16   -3.6739029541e-16
 140.0000000    6.1781686840e-16    6.1795927416e-16    6.1795917821e-16
 140.4000000   -6.9539585834e-16   -6.9537459153e-16   -6.9537471064e-16
 140.8000000   -1.2370072355e-15   -1.2372013086e-15   -1.2372014608e-15
 141.2000000   -5.1610908285e-16   -5.1611853257e-16   -5.1611871785e-16
 141.6000000    4.9676687375e-17    4.9861150305e-17    4.9860966671e-17
 142.0000000    8.0530654917e-17    8.0474409944e-17    8.0474183297e-17
 142.4000000   -1.1246020061e-15   -1.1247383702e-15   -1.1247385852e-15
 142.8000000   -1.2491481524e-15   -1.2490555562e-15   -1.2490557779e-15
 143.2000000    2.9197417432e-16    2.9200886132e-16    2.9200863467e-16
 143.6000000   -9.2890101426e-17   -9.2976672494e-17   -9.2976935538e-17
 144.0000000   -1.4823797316e-15   -1.4823271527e-15   -1.4823274124e-15
 144.4000000   -6.4291811573e-16   -6.4289035389e-16   -6.4289062024e-16
 144.8000000    2.2369649288e-16    2.2358223111e-16    2.2358191513e-16
 145.2000000   -4.8748053225e-16   -4.8745873604e-16   -4.8745905203e-16
 145.6000000   -6.3794953626e-16   -6.3782542939e-16   -6.3782569905e-16
 146.0000000   -6.1557870957e-16   -6.1563558320e-16   -6.1563586113e-16
 146.4000000   -8.4797413486e-16   -8.4808622942e-16   -8.4808653051e-16
 146.8000000   -3.3421409605e-16   -3.3414924179e-16   -3.3414951641e-16
 147.2000000   -3.8320193554e-16   -3.8311403767e-16   -3.8311436193e-16
 147.6000000   -8.8448110600e-16   -8.8454196664e-16   -8.8454232563e-16
 148.0000000   -4.9078256943e-16   -4.9085141236e-16   -4.9085173331e-16
 148.4000000   -9.6146772709e-17   -9.6089139727e-17   -9.6089412696e-17
 148.8000000   -6.7123685079e-16   -6.7118600235e-16   -6.7118627862e-16
 149.2000000   -6.9772295729e-16   -6.9778129999e-16   -6.9778152498e-16
 149.6000000   -5.1126765594e-16   -5.1128024894e-16   -5.1128047724e-16
 150.0000000   -7.0468118902e-16   -7.0463258058e-16   -7.0463288994e-16
 150.4000000   -6.8918700096e-16   -6.8922868921e-16   -6.8922899195e-16
 150.8000000   -4.0834677198e-16   -4.0836182005e-16   -4.0836208971e-16
 151.2000000   -4.8504660624e-16   -4.8494277853e-16   -4.8494304488e-16
 151.6000000   -5.7478491627e-16   -5.7479978897e-16   -5.7480001231e-16
 152.0000000   -4.4798327177e-16   -4.4813057609e-16   -4.4813075146e-16
 152.4000000   -6.0281987213e-16   -6.0277314139e-16   -6.0277331676e-16
 152.8000000   -6.4528700053e-16   -6.4509205556e-16   -6.4509225409e-16
 153.2000000   -6.6839199303e-16   -6.6846102622e-16   -6.6846122143e-16
 153.6000000   -6.8714220552e-16   -6.8735112487e-16   -6.8735127542e-16
 154.0000000   -6.1259238738e-16   -6.1247428418e-16   -6.1247439337e-16
 154.4000000   -4.4273398030e-16   -4.4254639393e-16   -4.4254647334e-16
 154.8000000   -5.3563030046e-16   -5.3577806470e-16   -5.3577813749e-16
 155.2000000   -5.2388323893e-16   -5.2397731748e-16   -5.2397741178e-16
 155.6000000   -5.3033211434e-16   -5.3017513532e-16   -5.3017528586e-16
 156.0000000   -6.9131422660e-16   -6.9132081426e-16   -6.9132097308e-16
 156.4000000   -7.5150292206e-16   -7.5159740429e-16   -7.5159751513e-16
 156.8000000   -6.3677267994e-16   -6.3666497606e-16   -6.3666492312e-16
 157.2000000   -6.4110042438e-16   -6.4108219828e-16   -6.4108198983e-16
 157.6000000   -6.2711126994e-16   -6.2724438315e-16   -6.2724415320e-16
 158.0000000   -4.5252222521e-16   -4.5244395076e-16   -4.5244383330e-16
 158.4000000   -4.7471978403e-16   -4.7459639846e-16   -4.7459642163e-16
 158.8000000   -6.7302865635e-16   -6.7313585896e-16   -6.7313602605e-16
 159.2000000   -7.0717644882e-16   -7.0722735848e-16   -7.0722760828e-16
 159.6000000   -5.8003679186e-16   -5.7992797955e-16   -5.7992812679e-16
 160.0000000   -7.1313207644e-16   -7.1311953969e-16   -7.1311942719e-16
 160.4000000   -8.6273310494e-16   -8.6277818298e-16   -8.6277781074e-16
 160.8000000   -6.0730587774e-16   -6.0728074468e-16   -6.0728024672e-16
 161.2000000   -3.1474095749e-16   -3.1472807829e-16   -3.1472759521e-16
 161.6000000   -6.0402261425e-16   -6.0402764020e-16   -6.0402740197e-16
 162.0000000   -8.1027786826e-16   -8.1024337317e-16   -8.1024342611e-16
 162.4000000   -5.3473730275e-16   -5.3472070950e-16   -5.3472092126e-16
 162.8000000   -5.3012521993e-16   -5.3015330436e-16   -5.3015351116e-16
 163.2000000   -9.3786983916e-16   -9.3786716902e-16   -9.3786729806e-16
 163.6000000   -8.7348249733e-16   -8.7343288138e-16   -8.7343283175e-16
 164.0000000   -4.7918520111e-16   -4.7916348266e-16   -4.7916318322e-16
 164.4000000   -5.0223334976e-16   -5.0226636750e-16   -5.0226587285e-16
 164.8000000   -7.0846909223e-16   -7.0848629097e-16   -7.0848579301e-16
 165.2000000   -5.9716187568e-16   -5.9710125823e-16   -5.9710086946e-16
 165.6000000   -5.4367073425e-16   -5.4361473577e-16   -5.4361449589e-16
 166.0000000   -7.5044680267e-16   -7.5049872811e-16   -7.5049865366e-16
 166.4000000   -9.0131543584e-16   -9.0135225695e-16   -9.0135229997e-16
 166.8000000   -7.4659807687e-16   -7.4651387154e-16   -7.4651398900e-16
 167.2000000   -6.2359066352e-16   -6.2355242296e-16   -6.2355260825e-16
 167.6000000   -6.4977961200e-16   -6.4983336385e-16   -6.4983351770e-16
 168.0000000   -6.5845109690e-16   -6.5843653356e-16   -6.5843653356e-16
 168.4000000   -4.8436033088e-16   -4.8431061236e-16   -4.8431040722e-16
 168.8000000   -6.0176081625e-16   -6.0175493831e-16   -6.0175450156e-16
 169.2000000   -8.7566416634e-16   -8.7564217326e-16   -8.7564157935e-16
 169.6000000   -8.5868550341e-16   -8.5868222612e-16   -8.5868167853e-16
 170.0000000   -6.9197619773e-16   -6.9200448069e-16   -6.9200411012e-16
 170.4000000   -7.9229367465e-16   -7.9224995319e-16   -7.9224982415e-16
 170.8000000   -7.2982678977e-16   -7.2977362687e-16   -7.2977380058e-16
 171.2000000   -5.1688827210e-16   -5.1692238338e-16   -5.1692279366e-16
 171.6000000   -5.7117000795e-16   -5.7118469371e-16   -5.7118516024e-16
 172.0000000   -7.0773616554e-16   -7.0767993546e-16   -7.0768022828e-16
 172.4000000   -7.2447670799e-16   -7.2444935313e-16   -7.2444927868e-16
 172.8000000   -8.6296070700e-16   -8.6297620836e-16   -8.6297578815e-16
 173.2000000   -9.0839476846e-16   -9.0838562646e-16   -9.0838505406e-16
 173.6000000   -7.4084402489e-16   -7.4080779273e-16   -7.4080719219e-16
 174.0000000   -7.1015405252e-16   -7.1013087492e-16   -7.1013032568e-16
 174.4000000   -6.7084598810e-16   -6.7084870456e-16   -6.7084836211e-16
 174.8000000   -5.4716483449e-16   -5.4716680318e-16   -5.4716676348e-16
 175.2000000   -6.3550374186e-16   -6.3547477565e-16   -6.3547498245e-16
 175.6000000   -8.1334874485e-16   -8.1331731695e-16   -8.1331766933e-16
 176.0000000   -8.3682709029e-16   -8.3683004498e-16   -8.3683042052e-16
 176.4000000   -9.1175959527e-16   -9.1175733210e-16   -9.1175759514e-16
 176.8000000   -8.8241075233e-16   -8.8237019070e-16   -8.8237024199e-16
 177.2000000   -6.9237006309e-16   -6.9234029121e-16   -6.9234009930e-16
 177.6000000   -6.3633178771e-16   -6.3634550236e-16   -6.3634508215e-16
 178.0000000   -6.8360830300e-16   -6.8361266555e-16   -6.8361207494e-16
 178.4000000   -6.2892019317e-16   -6.2888327279e-16   -6.2888266895e-16
 178.8000000   -6.9811590282e-16   -6.9809428693e-16   -6.9809383695e-16
 179.2000000   -9.1717336499e-16   -9.1718891764e-16   -9.1718873897e-16
 179.6000000   -9.9832800029e-16   -9.9831379926e-16   -9.9831391341e-16
 180.0000000   -8.9015725410e-16   -8.9010255430e-16   -8.9010289179e-16
 180.4000000   -7.8448933972e-16   -7.8446933022e-16   -7.8446973223e-16
 180.8000000   -7.1539266344e-16   -7.1541401628e-16   -7.1541430414e-16
 181.2000000   -6.3034831388e-16   -6.3034766868e-16   -6.3034777456e-16
 181.6000000   -5.7784020712e-16   -5.7780929538e-16   -5.7780920770e-16
 182.0000000   -7.2709880270e-16   -7.2706260528e-16   -7.2706233893e-16
 182.4000000   -9.5842360648e-16   -9.5838907003e-16   -9.5838865479e-16
 182.8000000   -1.0250424649e-15   -1.0250292085e-15   -1.0250287155e-15
 183.2000000   -8.9176686816e-16   -8.9177438062e-16   -8.9177394718e-16
 183.6000000   -8.0755642088e-16   -8.0755893551e-16   -8.0755862118e-16
 184.0000000   -7.9000293029e-16   -7.8999341110e-16   -7.8999326220e-16
 184.4000000   -7.2225529957e-16   -7.2222543504e-16   -7.2222548798e-16
 184.8000000   -5.7776140824e-16   -5.7773074135e-16   -5.7773091836e-16
 185.2000000   -6.3842029468e-16   -6.3842135843e-16   -6.3842155695e-16
 185.6000000   -9.2198414652e-16   -9.2198025215e-16   -9.2198040435e-16
 186.0000000   -1.1414950542e-15   -1.1414707004e-15   -1.1414707781e-15
 186.4000000   -1.0576514202e-15   -1.0576479774e-15   -1.0576479477e-15
 186.8000000   -8.0276162710e-16   -8.0275453651e-16   -8.0275439920e-16
 187.2000000   -6.3686088220e-16   -6.3682142073e-16   -6.3682116761e-16
 187.6000000   -7.1129492980e-16   -7.1126871314e-16   -7.1126839881e-16
 188.0000000   -8.6763834222e-16   -8.6763427746e-16   -8.6763398298e-16
 188.4000000   -8.2213346417e-16   -8.2212596164e-16   -8.2212570687e-16
 188.8000000   -6.8364531933e-16   -6.8363794419e-16   -6.8363773740e-16
 189.2000000   -8.1861437149e-16   -8.1859890487e-16   -8.1859874108e-16
 189.6000000   -1.1984764760e-15   -1.1984655737e-15   -1.1984654695e-15
 190.0000000   -1.2321124389e-15   -1.2321269807e-15   -1.2321269840e-15
 190.4000000   -7.5940231990e-16   -7.5938058986e-16   -7.5938067589e-16
 190.8000000   -4.3122320290e-16   -4.3115429875e-16   -4.3115440629e-16
 191.2000000   -7.3037548514e-16   -7.3036187306e-16   -7.3036193427e-16
 191.6000000   -1.0661974069e-15   -1.0662329111e-15   -1.0662329012e-15
 192.0000000   -8.6722282624e-16   -8.6721991953e-16   -8.6721984508e-16
 192.4000000   -6.2643799786e-16   -6.2642254943e-16   -6.2642241212e-16
 192.8000000   -9.5794876676e-16   -9.5794108390e-16   -9.5794084733e-16
 193.2000000   -1.3387038656e-15   -1.3386635257e-15   -1.3386631651e-15
 193.6000000   -1.0689054341e-15   -1.0688796542e-15   -1.0688792671e-15
 194.0000000   -5.7386564398e-16   -5.7387891858e-16   -5.7387859929e-16
 194.4000000   -6.2129377983e-16   -6.2128047545e-16   -6.2128026701e-16
 194.8000000   -9.5835592325e-16   -9.5834490851e-16   -9.5834481753e-16
 195.2000000   -9.5699986817e-16   -9.5702396891e-16   -9.5702397718e-16
 195.6000000   -7.6971947236e-16   -7.6969727580e-16   -7.6969737837e-16
 196.0000000   -9.2284641613e-16   -9.2278062549e-16   -9.2278078431e-16
 196.4000000   -1.2446092370e-15   -1.2445842281e-15   -1.2445843737e-15
 196.8000000   -1.1404187715e-15   -1.1404429086e-15   -1.1404429682e-15
 197.2000000   -6.8135440954e-16   -6.8139870175e-16   -6.8139859918e-16
 197.6000000   -5.9442902148e-16   -5.9444095439e-16   -5.9444066322e-16
 198.0000000   -9.6010737728e-16   -9.6004591611e-16   -9.6004548101e-16
 198.4000000   -1.0882291226e-15   -1.0881619374e-15   -1.0881614708e-15
 198.8000000   -7.9099166755e-16   -7.9098993709e-16   -7.9098953673e-16
 199.2000000   -6.7868528961e-16   -6.7871840827e-16   -6.7871818162e-16
 199.6000000   -1.0494615479e-15   -1.0494938510e-15   -1.0494937567e-15
 200.0000000   -1.4547622124e-15   -1.4547888195e-15   -1.4547887533e-15
 200.4000000   -1.2695806286e-15   -1.2695657526e-15   -1.2695657178e-15
 200.8000000   -6.2506800313e-16   -6.2499965651e-16   -6.2499968959e-16
 201.2000000   -3.2676744395e-16   -3.2670424404e-16   -3.2670438135e-16
 201.6000000   -7.3235948777e-16   -7.3233314537e-16   -7.3233328930e-16
 202.0000000   -1.2706225122e-15   -1.2706396514e-15   -1.2706396464e-15
 202.4000000   -1.3014367238e-15   -1.3015158420e-15   -1.3015156037e-15
 202.8000000   -9.6569846641e-16   -9.6576028161e-16   -9.6575986802e-16
 203.2000000   -9.1534836302e-16   -9.1530192179e-16   -9.1530152640e-16
 203.6000000   -1.2127222433e-15   -1.2126424667e-15   -1.2126421292e-15
 204.0000000   -1.1361117247e-15   -1.1360883883e-15   -1.1360880955e-15
 204.4000000   -5.4015658480e-16   -5.4016616190e-16   -5.4016590051e-16
 204.8000000   -3.1613485939e-16   -3.1614393522e-16   -3.1614373008e-16
 205.2000000   -9.4923934735e-16   -9.4925281385e-16   -9.4925276421e-16
 205.6000000   -1.5901319955e-15   -1.5901657296e-15   -1.5901657892e-15
 206.0000000   -1.4180063873e-15   -1.4180280214e-15   -1.4180280876e-15
 206.4000000   -9.1291815767e-16   -9.1286391613e-16   -9.1286393763e-16
 206.8000000   -8.3299485184e-16   -8.3291699430e-16   -8.3291691985e-16
 207.2000000   -9.1976165780e-16   -9.1976817598e-16   -9.1976804032e-16
 207.6000000   -7.4173652961e-16   -7.4179933247e-16   -7.4179913064e-16
 208.0000000   -6.7826128675e-16   -6.7829592577e-16   -6.7829562137e-16
 208.4000000   -1.0598053092e-15   -1.0598016447e-15   -1.0598012345e-15
 208.8000000   -1.3700623720e-15   -1.3700425213e-15   -1.3700421011e-15
 209.2000000   -1.1981269028e-15   -1.1981107596e-15   -1.1981104254e-15
 209.6000000   -9.9806253322e-16   -9.9804819487e-16   -9.9804799139e-16
 210.0000000   -1.1242688972e-15   -1.1242406225e-15   -1.1242405265e-15
 210.4000000   -1.1293048025e-15   -1.1293101015e-15   -1.1293100386e-15
 210.8000000   -7.1485609289e-16   -7.1495461837e-16   -7.1495456212e-16
 211.2000000   -4.7537401938e-16   -4.7547895386e-16   -4.7547891084e-16
 211.6000000   -8.8743813441e-16   -8.8736738400e-16   -8.8736736580e-16
 212.0000000   -1.4305441607e-15   -1.4303041675e-15   -1.4303041295e-15
 212.4000000   -1.4368921979e-15   -1.4367830018e-15   -1.4367828926e-15
 212.8000000   -1.1117799241e-15   -1.1120179652e-15   -1.1120177286e-15
 213.2000000   -9.8190923276e-16   -9.8225834268e-16   -9.8225798534e-16
 213.6000000   -9.8134647532e-16   -9.8138015480e-16   -9.8137972136e-16
 214.0000000   -8.2108757369e-16   -8.2073142942e-16   -8.2073102245e-16
 214.4000000   -7.0350380660e-16   -7.0314359757e-16   -7.0314333122e-16
 214.8000000   -9.3345487348e-16   -9.3350149007e-16   -9.3350137096e-16
 215.2000000   -1.2779695304e-15   -1.2783684614e-15   -1.2783684019e-15
 215.6000000   -1.3883555440e-15   -1.3886707545e-15   -1.3886706932e-15
 216.0000000   -1.3431428262e-15   -1.3431036675e-15   -1.3431036046e-15
 216.4000000   -1.3008089715e-15   -1.3005330803e-15   -1.3005330439e-15
 216.8000000   -1.1019676049e-15   -1.1017234378e-15   -1.1017233699e-15
 217.2000000   -6.6286870294e-16   -6.6282985523e-16   -6.6282968814e-16
 217.6000000   -3.9591617966e-16   -3.9608174317e-16   -3.9608148344e-16
 218.0000000   -7.3714064795e-16   -7.3737149421e-16   -7.3737118815e-16
 218.4000000   -1.4565705235e-15   -1.4566908833e-15   -1.4566906087e-15
 218.8000000   -1.8273491757e-15   -1.8272635162e-15   -1.8272632581e-15
 219.2000000   -1.5062502384e-15   -1.5060527639e-15   -1.5060524744e-15
 219.6000000   -9.5732656481e-16   -9.5725288618e-16   -9.5725255034e-16
 220.0000000   -8.1806650164e-16   -8.1819919630e-16   -8.1819890845e-16
 220.4000000   -1.0542346233e-15   -1.0543622870e-15   -1.0543621480e-15
 220.8000000   -1.1005409401e-15   -1.1004710797e-15   -1.1004711012e-15
 221.2000000   -7.8820508963e-16   -7.8807175969e-16   -7.8807186061e-16
 221.6000000   -6.6658458520e-16   -6.6665435788e-16   -6.6665440089e-16
 222.0000000   -1.1798258643e-15   -1.1800841994e-15   -1.1800840687e-15
 222.4000000   -1.9019340531e-15   -1.9020528776e-15   -1.9020525980e-15
 222.8000000   -1.9445772022e-15   -1.9443462666e-15   -1.9443459010e-15
 223.2000000   -1.1621906168e-15   -1.1618544903e-15   -1.1618541396e-15
 223.6000000   -4.4795134591e-16   -4.4794832174e-16   -4.4794805538e-16
 224.0000000   -6.0343383205e-16   -6.0382487176e-16   -6.0382474272e-16
 224.4000000   -1.2677503889e-15   -1.2681007826e-15   -1.2681007628e-15
 224.8000000   -1.4744855764e-15   -1.4743891255e-15   -1.4743891321e-15
 225.2000000   -1.0505013586e-15   -1.0500842263e-15   -1.0500841453e-15
 225.6000000   -8.0932694143e-16   -8.0909069203e-16   -8.0909044718e-16
 226.0000000   -1.2773453234e-15   -1.2775617204e-15   -1.2775613581e-15
 226.4000000   -1.8936340567e-15   -1.8940477611e-15   -1.8940473988e-15
 226.8000000   -1.7693733605e-15   -1.7695375078e-15   -1.7695372680e-15
 227.2000000   -8.9952250366e-16   -8.9931021768e-16   -8.9931018625e-16
 227.6000000   -2.2924804277e-16   -2.2894604740e-16   -2.2894615824e-16
 228.0000000   -5.4019810430e-16   -5.4014424327e-16   -5.4014427470e-16
 228.4000000   -1.5423860255e-15   -1.5426028378e-15   -1.5426025830e-15
 228.8000000   -2.1766339070e-15   -2.1768561588e-15   -2.1768556013e-15
 229.2000000   -1.7756468570e-15   -1.7756653230e-15   -1.7756646398e-15
 229.6000000   -8.0999877752e-16   -8.0988245276e-16   -8.0988195646e-16
 230.0000000   -3.9888728338e-16   -3.9883532486e-16   -3.9883527027e-16
 230.4000000   -1.0149693009e-15   -1.0150296835e-15   -1.0150300276e-15
 230.8000000   -1.8394766560e-15   -1.8395134490e-15   -1.8395138659e-15
 231.2000000   -1.7565898350e-15   -1.7565222361e-15   -1.7565223354e-15
 231.6000000   -8.8310663953e-16   -8.8306454927e-16   -8.8306415719e-16
 232.0000000   -4.7717827235e-16   -4.7731819160e-16   -4.7731742894e-16
 232.4000000   -1.1695117062e-15   -1.1697417203e-15   -1.1697409742e-15
 232.8000000   -2.0143169304e-15   -2.0143683032e-15   -2.0143679393e-15
 233.2000000   -1.8519598040e-15   -1.8517506481e-15   -1.8517507987e-15
 233.6000000   -9.3200618079e-16   -9.3177569519e-16   -9.3177619315e-16
 234.0000000   -4.7194540702e-16   -4.7195029566e-16   -4.7195071587e-16
 234.4000000   -9.2749672296e-16   -9.2771265185e-16   -9.2771259063e-16
 234.8000000   -1.5441767755e-15   -1.5444028225e-15   -1.5444022203e-15
 235.2000000   -1.5899507156e-15   -1.5900654886e-15   -1.5900646515e-15
 235.6000000   -1.3011449441e-15   -1.3011152748e-15   -1.3011146412e-15
 236.0000000   -1.2854319320e-15   -1.2852312994e-15   -1.2852311637e-15
 236.4000000   -1.5227471662e-15   -1.5224822252e-15   -1.5224825429e-15
 236.8000000   -1.4691561973e-15   -1.4691325549e-15   -1.4691329684e-15
 237.2000000   -1.0100190021e-15   -1.0103955645e-15   -1.0103956191e-15
 237.6000000   -7.0924194197e-16   -7.0967617374e-16   -7.0967565593e-16
 238.0000000   -1.0015432431e-15   -1.0015011495e-15   -1.0015002578e-15
 238.4000000   -1.5630770700e-15   -1.5625699405e-15   -1.5625691381e-15
 238.8000000   -1.7896275362e-15   -1.7893183824e-15   -1.7893180830e-15
 239.2000000   -1.5555017814e-15   -1.5558493677e-15   -1.5558496489e-15
 239.6000000   -1.2187952793e-15   -1.2193692434e-15   -1.2193697695e-15
 240.0000000   -1.1148275156e-15   -1.1148564686e-15   -1.1148567730e-15
 240.4000000   -1.2354282469e-15   -1.2348811364e-15   -1.2348809429e-15
 240.8000000   -1.3133494481e-15   -1.3130104827e-15   -1.3130098921e-15
 241.2000000   -1.1602143335e-15   -1.1606102717e-15   -1.1606096050e-15
 241.6000000   -9.9628790490e-16   -9.9693470223e-16   -9.9693429692e-16
 242.0000000   -1.2222119902e-15   -1.2222390456e-15   -1.2222390225e-15
 242.4000000   -1.7306481176e-15   -1.7299979884e-15   -1.7299981637e-15
 242.8000000   -1.8987585497e-15   -1.8983174474e-15   -1.8983175136e-15
 243.2000000   -1.4966425587e-15   -1.4970571450e-15   -1.4970569613e-15
 243.6000000   -1.0169523606e-15   -1.0177263005e-15   -1.0177258753e-15
 244.0000000   -8.9182136779e-16   -8.9195651917e-16   -8.9195598481e-16
 244.4000000   -1.0154150520e-15   -1.0147490988e-15   -1.0147486852e-15
 244.8000000   -1.2143802872e-15   -1.2138112746e-15   -1.2138111092e-15
 245.2000000   -1.5198822907e-15   -1.5201708973e-15   -1.5201709006e-15
 245.6000000   -1.7890603153e-15   -1.7898302931e-15   -1.7898303096e-15
 246.0000000   -1.7249788665e-15   -1.7252565361e-15   -1.7252563872e-15
 246.4000000   -1.3934786078e-15   -1.3929814689e-15   -1.3929810288e-15
 246.8000000   -1.1575827510e-15   -1.1570146764e-15   -1.1570141520e-15
 247.2000000   -1.1165203010e-15   -1.1166030439e-15   -1.1166027709e-15
 247.6000000   -1.0935502051e-15   -1.0941425905e-15   -1.0941425673e-15
 248.0000000   -1.1200537138e-15   -1.1204128872e-15   -1.1204129236e-15
 248.4000000   -1.4019245668e-15   -1.4016662483e-15   -1.4016662102e-15
 248.8000000   -1.7968240257e-15   -1.7963455679e-15   -1.7963453198e-15
 249.2000000   -1.8735032930e-15   -1.8734129946e-15   -1.8734125810e-15
 249.6000000   -1.5336631065e-15   -1.5340369292e-15   -1.5340366447e-15
 250.0000000   -1.1549071658e-15   -1.1552829043e-15   -1.1552827819e-15
 250.4000000   -1.0652870202e-15   -1.0652688057e-15   -1.0652686237e-15
 250.8000000   -1.2140838918e-15   -1.2137658111e-15   -1.2137655332e-15
 251.2000000   -1.3566108469e-15   -1.3563984468e-15   -1.3563981523e-15
 251.6000000   -1.3732708997e-15   -1.3734035431e-15   -1.3734032685e-15
 252.0000000   -1.3957009377e-15   -1.3960228697e-15   -1.3960227242e-15
 252.4000000   -1.6016017398e-15   -1.6017707692e-15   -1.6017707361e-15
 252.8000000   -1.8493918946e-15   -1.8492531036e-15   -1.8492529514e-15
 253.2000000   -1.7649259147e-15   -1.7646573391e-15   -1.7646570115e-15
 253.6000000   -1.2723902915e-15   -1.2722943617e-15   -1.2722940341e-15
 254.0000000   -8.1173390135e-16   -8.1192389481e-16   -8.1192364004e-16
 254.4000000   -8.6896073105e-16   -8.6926621216e-16   -8.6926604342e-16
 254.8000000   -1.4128811514e-15   -1.4130181028e-15   -1.4130179704e-15
 255.2000000   -1.9155878503e-15   -1.9154161872e-15   -1.9154159754e-15
 255.6000000   -1.9413665271e-15   -1.9410498262e-15   -1.9410495515e-15
 256.0000000   -1.6280867296e-15   -1.6279840269e-15   -1.6279838217e-15
 256.4000000   -1.3850654530e-15   -1.3853412681e-15   -1.3853411655e-15
 256.8000000   -1.3173300017e-15   -1.3176945534e-15   -1.3176944244e-15
 257.2000000   -1.2694292397e-15   -1.2694545150e-15   -1.2694542933e-15
 257.6000000   -1.1941763478e-15   -1.1938561164e-15   -1.1938557987e-15
 258.0000000   -1.1962869057e-15   -1.1960517317e-15   -1.1960513842e-15
 258.4000000   -1.3999582047e-15   -1.4001103927e-15   -1.4001101114e-15
 258.8000000   -1.8202661638e-15   -1.8206066446e-15   -1.8206064130e-15
 259.2000000   -2.1405770263e-15   -2.1406828558e-15   -2.1406826540e-15
 259.6000000   -1.9032824865e-15   -1.9030534700e-15   -1.9030533244e-15
 260.0000000   -1.2521125179e-15   -1.2518825353e-15   -1.2518824559e-15
 260.4000000   -8.4973489302e-16   -8.4980656657e-16   -8.4980651032e-16
 260.8000000   -9.8658280984e-16   -9.8684424192e-16   -9.8684411288e-16
 261.2000000   -1.3937130539e-15   -1.3938409029e-15   -1.3938406548e-15
 261.6000000   -1.7883834764e-15   -1.7882689086e-15   -1.7882685612e-15
 262.0000000   -1.9846281791e-15   -1.9844608470e-15   -1.9844604831e-15
 262.4000000   -1.8743597856e-15   -1.8743502895e-15   -1.8743499620e-15
 262.8000000   -1.6205517065e-15   -1.6206812000e-15   -1.6206809684e-15
 263.2000000   -1.4302290446e-15   -1.4303247362e-15   -1.4303245807e-15
 263.6000000   -1.2545418283e-15   -1.2545283519e-15   -1.2545282327e-15
 264.0000000   -1.0931278616e-15   -1.0930798884e-15   -1.0930797958e-15
 264.4000000   -1.1807342558e-15   -1.1807185626e-15   -1.1807184799e-15
 264.8000000   -1.5712794261e-15   -1.5712835951e-15   -1.5712834892e-15
 265.2000000   -1.9454176574e-15   -1.9454246124e-15   -1.9454244370e-15
 265.6000000   -2.0437518398e-15   -2.0437779158e-15   -2.0437776379e-15
 266.0000000   -1.8865977804e-15   -1.8866478050e-15   -1.8866474642e-15
 266.4000000   -1.5815002252e-15   -1.5815377892e-15   -1.5815374781e-15
 266.8000000   -1.2119308300e-15   -1.2119091513e-15   -1.2119088899e-15
 267.2000000   -9.7493753949e-16   -9.7486424136e-16   -9.7486397335e-16
 267.6000000   -1.1172975960e-15   -1.1172575042e-15   -1.1172572958e-15
 268.0000000   -1.6004423668e-15   -1.6005064865e-15   -1.6005064468e-15
 268.4000000   -2.0484622065e-15   -2.0485755799e-15   -2.0485756196e-15
 268.8000000   -2.1700199015e-15   -2.1700489587e-15   -2.1700489752e-15
 269.2000000   -1.9549036357e-15   -1.9548079606e-15   -1.9548078250e-15
 269.6000000   -1.5179309650e-15   -1.5178274549e-15   -1.5178271505e-15
 270.0000000   -1.1219774464e-15   -1.1219986189e-15   -1.1219982351e-15
 270.4000000   -1.1092945739e-15   -1.1094147368e-15   -1.1094143629e-15
 270.8000000   -1.4489627664e-15   -1.4490299633e-15   -1.4490296556e-15
 271.2000000   -1.7408099702e-15   -1.7407521337e-15   -1.7407518789e-15
 271.6000000   -1.8031360772e-15   -1.8030463711e-15   -1.8030462024e-15
 272.0000000   -1.7881562333e-15   -1.7881471244e-15   -1.7881470682e-15
 272.4000000   -1.8351128183e-15   -1.8351761142e-15   -1.8351761109e-15
 272.8000000   -1.8823352393e-15   -1.8823821405e-15   -1.8823820908e-15
 273.2000000   -1.7205833065e-15   -1.7205601123e-15   -1.7205599668e-15
 273.6000000   -1.3321805638e-15   -1.3321224560e-15   -1.3321222244e-15
 274.0000000   -1.0738234017e-15   -1.0738076522e-15   -1.0738073643e-15
 274.4000000   -1.2595174917e-15   -1.2595599526e-15   -1.2595596614e-15
 274.8000000   -1.7323925902e-15   -1.7324270472e-15   -1.7324267329e-15
 275.2000000   -2.1362415312e-15   -2.1362242961e-15   -2.1362239619e-15
 275.6000000   -2.2272288740e-15   -2.2271921538e-15   -2.2271918792e-15
 276.0000000   -1.9422233208e-15   -1.9422054670e-15   -1.9422053280e-15
 276.4000000   -1.4913184934e-15   -1.4913210610e-15   -1.4913210213e-15
 276.8000000   -1.2114791431e-15   -1.2114908692e-15   -1.2114908229e-15
 277.2000000   -1.2274554252e-15   -1.2274591806e-15   -1.2274590847e-15
 277.6000000   -1.4550076667e-15   -1.4549895183e-15   -1.4549893827e-15
 278.0000000   -1.7860378734e-15   -1.7860148745e-15   -1.7860146727e-15
 278.4000000   -2.0360478170e-15   -2.0360476880e-15   -2.0360473935e-15
 278.8000000   -2.0634546368e-15   -2.0634711771e-15   -2.0634708297e-15
 279.2000000   -1.9534145385e-15   -1.9534182641e-15   -1.9534179498e-15
 279.6000000   -1.7775535944e-15   -1.7775292323e-15   -1.7775289643e-15
 280.0000000   -1.4923856127e-15   -1.4923433504e-15   -1.4923431320e-15
 280.4000000   -1.2530592295e-15   -1.2530298348e-15   -1.2530296892e-15
 280.8000000   -1.3060836475e-15   -1.3060939508e-15   -1.3060938549e-15
 281.2000000   -1.6077813514e-15   -1.6078169731e-15   -1.6078169036e-15
 281.6000000   -1.9728480055e-15   -1.9728634969e-15   -1.9728634109e-15
 282.0000000   -2.2440707676e-15   -2.2440411181e-15   -2.2440409659e-15
 282.4000000   -2.2061795163e-15   -2.2061195689e-15   -2.2061193406e-15
 282.8000000   -1.8313753152e-15   -1.8313239043e-15   -1.8313235999e-15
 283.2000000   -1.4277913003e-15   -1.4277869328e-15   -1.4277865887e-15
 283.6000000   -1.2437436736e-15   -1.2437851352e-15   -1.2437848275e-15
 284.0000000   -1.3369132678e-15   -1.3369450580e-15   -1.3369448363e-15
 284.4000000   -1.6727627611e-15   -1.6727315367e-15   -1.6727313779e-15
 284.8000000   -2.0347867273e-15   -2.0347083039e-15   -2.0347081385e-15
 285.2000000   -2.1831502654e-15   -2.1830964656e-15   -2.1830963002e-15
 285.6000000   -2.1426789981e-15   -2.1426938609e-15   -2.1426937319e-15
 286.0000000   -1.9698140890e-15   -1.9698612217e-15   -1.9698611158e-15
 286.4000000   -1.6432142484e-15   -1.6432236451e-15   -1.6432234863e-15
 286.8000000   -1.3372348392e-15   -1.3371831768e-15   -1.3371829287e-15
 287.2000000   -1.2969608479e-15   -1.2968875927e-15   -1.2968873115e-15
 287.6000000   -1.5455998289e-15   -1.5455637705e-15   -1.5455634959e-15
 288.0000000   -1.9451789364e-15   -1.9452000030e-15   -1.9451997483e-15
 288.4000000   -2.2766854536e-15   -2.2767173067e-15   -2.2767170585e-15
 288.8000000   -2.3036508765e-15   -2.3036355671e-15   -2.3036353685e-15
 289.2000000   -2.0267807737e-15   -2.0267252268e-15   -2.0267251077e-15
 289.6000000   -1.6747371883e-15   -1.6746937944e-15   -1.6746936951e-15
 290.0000000   -1.4267881751e-15   -1.4267788247e-15   -1.4267786592e-15
 290.4000000   -1.3834949679e-15   -1.3834923606e-15   -1.3834921588e-15
 290.8000000   -1.5657198194e-15   -1.5656930089e-15   -1.5656928335e-15
 291.2000000   -1.8595969873e-15   -1.8595562966e-15   -1.8595561378e-15
 291.6000000   -2.1354729613e-15   -2.1354542703e-15   -2.1354540553e-15
 292.0000000   -2.2972603405e-15   -2.2972642382e-15   -2.2972639536e-15
 292.4000000   -2.2378771270e-15   -2.2378629591e-15   -2.2378626547e-15
 292.8000000   -1.9316652901e-15   -1.9316156923e-15   -1.9316154508e-15
 293.2000000   -1.5581669226e-15   -1.5581155249e-15   -1.5581153694e-15
 293.6000000   -1.3495314415e-15   -1.3495148913e-15   -1.3495147589e-15
 294.0000000   -1.4216537492e-15   -1.4216631096e-15   -1.4216629673e-15
 294.4000000   -1.7515287453e-15   -1.7515227466e-15   -1.7515225845e-15
 294.8000000   -2.1731005901e-15   -2.1730612395e-15   -2.1730610575e-15
 295.2000000   -2.4348112318e-15   -2.4347659784e-15   -2.4347657799e-15
 295.6000000   -2.3644488832e-15   -2.3644277139e-15   -2.3644275088e-15
 296.0000000   -2.0096672108e-15   -2.0096597000e-15   -2.0096594850e-15
 296.4000000   -1.6043276904e-15   -1.6043009824e-15   -1.6043007607e-15
 296.8000000   -1.3807554516e-15   -1.3807058174e-15   -1.3807055792e-15
 297.2000000   -1.4435061173e-15   -1.4434699894e-15   -1.4434697379e-15
 297.6000000   -1.7569232599e-15   -1.7569246000e-15   -1.7569243717e-15
 298.0000000   -2.1496755201e-15   -2.1496850161e-15   -2.1496848374e-15
 298.4000000   -2.4018288243e-15   -2.4017998995e-15   -2.4017997638e-15
 298.8000000   -2.4040758141e-15   -2.4040046038e-15   -2.4040044681e-15
 299.2000000   -2.1689488647e-15   -2.1688818962e-15   -2.1688817241e-15
 299.6000000   -1.7808049072e-15   -1.7807897929e-15   -1.7807895746e-15
 300.0000000   -1.4455361178e-15   -1.4455598513e-15   -1.4455596395e-15
 300.4000000   -1.3928044390e-15   -1.3927996248e-15   -1.3927994230e-15
 300.8000000   -1.6667247463e-15   -1.6666602891e-15   -1.6666600740e-15
 301.2000000   -2.0949758628e-15   -2.0949022206e-15   -2.0949019923e-15
 301.6000000   -2.4426815575e-15   -2.4426564642e-15   -2.4426562260e-15
 302.0000000   -2.5283447027e-15   -2.5283587416e-15   -2.5283585133e-15
 302.4000000   -2.2980177567e-15   -2.2980173431e-15   -2.2980171479e-15
 302.8000000   -1.8833934052e-15   -1.8833468548e-15   -1.8833466926e-15
 303.2000000   -1.5180149636e-15   -1.5179445903e-15   -1.5179444216e-15
 303.6000000   -1.4038825844e-15   -1.4038378306e-15   -1.4038376619e-15
 304.0000000   -1.6119203349e-15   -1.6119174596e-15   -1.6119172776e-15
 304.4000000   -2.0301729917e-15   -2.0301761681e-15   -2.0301759597e-15
 304.8000000   -2.4280527195e-15   -2.4280256409e-15   -2.4280254126e-15
 305.2000000   -2.5980557161e-15   -2.5980063996e-15   -2.5980061845e-15
 305.6000000   -2.4436248346e-15   -2.4435832572e-15   -2.4435830620e-15
 306.0000000   -2.0399976045e-15   -2.0399730008e-15   -2.0399727891e-15
 306.4000000   -1.6116224076e-15   -1.6115997792e-15   -1.6115995675e-15
 306.8000000   -1.4180029942e-15   -1.4179707640e-15   -1.4179705290e-15
 307.2000000   -1.5640755631e-15   -1.5640415759e-15   -1.5640413674e-15
 307.6000000   -1.9577615050e-15   -1.9577371296e-15   -1.9577369708e-15
 308.0000000   -2.3946877311e-15   -2.3946680309e-15   -2.3946678820e-15
 308.4000000   -2.6431344423e-15   -2.6431061130e-15   -2.6431059476e-15
 308.8000000   -2.5574850217e-15   -2.5574439935e-15   -2.5574437586e-15
 309.2000000   -2.1940455940e-15   -2.1940011380e-15   -2.1940008799e-15
 309.6000000   -1.7631998204e-15   -1.7631671997e-15   -1.7631669582e-15
 310.0000000   -1.4810749799e-15   -1.4810563353e-15   -1.4810561301e-15
 310.4000000   -1.5003218912e-15   -1.5003004341e-15   -1.5003002389e-15
 310.8000000   -1.8535587442e-15   -1.8535252037e-15   -1.8535249985e-15
 311.2000000   -2.3550459142e-15   -2.3550096671e-15   -2.3550094322e-15
 311.6000000   -2.6869970939e-15   -2.6869647114e-15   -2.6869644897e-15
 312.0000000   -2.6628629282e-15   -2.6628323821e-15   -2.6628321968e-15
 312.4000000   -2.3353568781e-15   -2.3353265669e-15   -2.3353264015e-15
 312.8000000   -1.9034805169e-15   -1.9034495836e-15   -1.9034494017e-15
 313.2000000   -1.5734449783e-15   -1.5734171255e-15   -1.5734169170e-15
 313.6000000   -1.5080678321e-15   -1.5080475662e-15   -1.5080473511e-15
 314.0000000   -1.7707108685e-15   -1.7706892559e-15   -1.7706890409e-15
 314.4000000   -2.2515763266e-15   -2.2515435206e-15   -2.2515433022e-15
 314.8000000   -2.6703717760e-15   -2.6703363396e-15   -2.6703361179e-15
 315.2000000   -2.7695841198e-15   -2.7695562306e-15   -2.7695559956e-15
 315.6000000   -2.5064635421e-15   -2.5064391535e-15   -2.5064389318e-15
 316.0000000   -2.0483484262e-15   -2.0483219002e-15   -2.0483216818e-15
 316.4000000   -1.6481270792e-15   -1.6480977209e-15   -1.6480975356e-15
 316.8000000   -1.5193402988e-15   -1.5193090380e-15   -1.5193088461e-15
 317.2000000   -1.7360943789e-15   -1.7360657651e-15   -1.7360655534e-15
 317.6000000   -2.1792303922e-15   -2.1792078432e-15   -2.1792076282e-15
 318.0000000   -2.6159371276e-15   -2.6159161370e-15   -2.6159159286e-15
 318.4000000   -2.8172378956e-15   -2.8172122894e-15   -2.8172120776e-15
 318.8000000   -2.6673783517e-15   -2.6673474416e-15   -2.6673472166e-15
 319.2000000   -2.2376960572e-15   -2.2376638766e-15   -2.2376636549e-15
 319.6000000   -1.7619872067e-15   -1.7619595160e-15   -1.7619592811e-15
 320.0000000   -1.5210861263e-15   -1.5210652682e-15   -1.5210650233e-15
