#       time             L^2_Ham             L^2_Mom
   0.0000000    9.9729029008e-03    0.0000000000e+00
   0.8000000    9.9729029008e-03    0.0000000000e+00
   1.6000000    1.5999641053e+03    2.5552537261e+03
   2.4000000    2.0657015560e+03                -nan
   3.2000000                -nan                -nan
   4.0000000                -nan                -nan
   4.8000000                -nan                -nan
   5.6000000                -nan                -nan
   6.4000000                -nan                -nan
   7.2000000                -nan                -nan
   8.0000000                -nan                -nan
   8.8000000                -nan                -nan
   9.6000000                -nan                -nan
  10.4000000                -nan                -nan
  11.2000000                -nan                -nan
  12.0000000                -nan                -nan
  12.8000000                -nan                -nan
  13.6000000                -nan                -nan
  14.4000000                -nan                -nan
  15.2000000                -nan                -nan
  16.0000000                -nan                -nan
  16.8000000                -nan                -nan
  17.6000000                -nan                -nan
  18.4000000                -nan                -nan
  19.2000000                -nan                -nan
  20.0000000                -nan                -nan
  20.8000000                -nan                -nan
  21.6000000                -nan                -nan
  22.4000000                -nan                -nan
  23.2000000                -nan                -nan
  24.0000000                -nan                -nan
  24.8000000                -nan                -nan
  25.6000000                -nan                -nan
  26.4000000                -nan                -nan
  27.2000000                -nan                -nan
  28.0000000                -nan                -nan
  28.8000000                -nan                -nan
  29.6000000                -nan                -nan
  30.4000000                -nan                -nan
  31.2000000                -nan                -nan
  32.0000000                -nan                -nan
  32.8000000                -nan                -nan
  33.6000000                -nan                -nan
  34.4000000                -nan                -nan
  35.2000000                -nan                -nan
  36.0000000                -nan                -nan
  36.8000000                -nan                -nan
  37.6000000                -nan                -nan
  38.4000000                -nan                -nan
  39.2000000                -nan                -nan
  40.0000000                -nan                -nan
  40.8000000    2.6964851112e+02    5.0605935248e+02
  41.6000000    3.7040427361e+02    5.4935811927e+02
  42.4000000    4.1163277296e+02    5.3486833897e+02
  43.2000000    4.1155816730e+02    6.1818055193e+02
  44.0000000    7.0490918801e+02    8.4080014262e+02
  44.8000000    6.0708676458e+02    8.2565516336e+02
  45.6000000    6.0679134282e+02    7.9470885541e+02
  46.4000000    6.4805668148e+02    7.4491983692e+02
  47.2000000    6.4765870404e+02    7.4486890225e+02
  48.0000000    6.4773891510e+02    7.4476631139e+02
  48.8000000    5.5909360569e+02    7.5227499357e+02
  49.6000000    5.5769332734e+02    7.4380401826e+02
  50.4000000    5.3316933604e+02    7.6957028311e+02
  51.2000000    4.9587444309e+02    7.9265243262e+02
  52.0000000    5.8998449208e+02    7.7569367792e+02
  52.8000000    5.7009129416e+02    7.8125935863e+02
  53.6000000    4.9897195376e+02    8.0724673870e+02
  54.4000000    5.4187740424e+02    8.5872346944e+02
  55.2000000    5.0028581262e+02    8.2331302742e+02
  56.0000000    5.4243779475e+02    8.1491950442e+02
  56.8000000    5.4093890336e+02    8.1491536267e+02
  57.6000000    5.7024829118e+02    7.8244688592e+02
  58.4000000    4.9138163161e+02    7.8597655072e+02
  59.2000000    4.9574695612e+02    8.4133753039e+02
  60.0000000    4.9586467831e+02    8.5286125935e+02
  60.8000000    4.9539601496e+02    8.7048054586e+02
  61.6000000    5.0874029192e+02    9.1159431418e+02
  62.4000000    4.9604961863e+02    8.5463258603e+02
  63.2000000    4.9644567730e+02    8.9572685696e+02
  64.0000000    4.9688091494e+02    8.4336017196e+02
  64.8000000    4.9635552753e+02    8.9635445712e+02
  65.6000000    4.9619931536e+02    8.7179431072e+02
  66.4000000    4.9650039007e+02    8.4244744228e+02
  67.2000000    4.9707143176e+02    8.7179424185e+02
  68.0000000    4.9732748696e+02    8.7279729884e+02
  68.8000000    4.9751383778e+02    8.7152253720e+02
  69.6000000    4.9690477601e+02    8.7137754386e+02
  70.4000000    5.3417361669e+02    8.1804969040e+02
  71.2000000    5.3443823481e+02    8.1724037468e+02
  72.0000000    5.3924623787e+02    8.3313193334e+02
  72.8000000    5.3924215136e+02    8.3344807333e+02
  73.6000000    5.3940413031e+02    8.3314789645e+02
  74.4000000    5.3941229155e+02    8.3316582092e+02
  75.2000000    4.9686906451e+02    8.7260963727e+02
  76.0000000    5.2328296655e+02    8.6346285249e+02
  76.8000000    5.2348542933e+02    8.6372836638e+02
  77.6000000    5.2337971973e+02    8.6325029831e+02
  78.4000000    4.9261745603e+02    9.0125123447e+02
  79.2000000    4.9330131452e+02    9.1252989624e+02
  80.0000000    5.2174520825e+02    8.4441218632e+02
  80.8000000    2.2363701571e+01    3.0045676446e+02
  81.6000000    1.6490971423e+02    4.8311650543e+02
  82.4000000    1.6558058035e+02    5.2492509764e+02
  83.2000000    1.6752594165e+02    4.6012891908e+02
  84.0000000    1.7076700011e+02    4.3500132132e+02
  84.8000000    1.7076700010e+02    4.3468623383e+02
  85.6000000    3.4758246884e+02    4.9862829564e+02
  86.4000000    1.7025419779e+02    5.8428838758e+02
  87.2000000    2.1041782211e+02                -nan
  88.0000000    3.0783641961e+02                -nan
  88.8000000    1.8944917309e+02    5.5936207142e+02
  89.6000000    3.9505682611e+02    6.7846964224e+02
  90.4000000    2.1587770930e+02    5.5407152306e+02
  91.2000000                -nan                -nan
  92.0000000    3.6435615243e+02    5.6138259367e+02
  92.8000000                -nan                -nan
  93.6000000    4.5583991253e+02    6.4779227790e+02
  94.4000000                -nan                -nan
  95.2000000    2.1452024063e+02    5.5342274613e+02
  96.0000000                -nan                -nan
  96.8000000    2.8647592659e+02    5.3330390957e+02
  97.6000000                -nan                -nan
  98.4000000    2.5577062350e+02    5.4138455900e+02
  99.2000000    3.1838986383e+02    5.1476776796e+02
 100.0000000    1.6848000426e+02    5.4797245425e+02
 100.8000000    2.3446792260e+02    5.2870625352e+02
 101.6000000    1.6792174089e+02    5.4850828587e+02
 102.4000000    2.3457198525e+02    5.3012612487e+02
 103.2000000    2.3488547433e+02    5.3012125996e+02
 104.0000000    2.3488693946e+02    5.3111204889e+02
 104.8000000    2.3488693946e+02    5.3050230719e+02
 105.6000000    2.3488721873e+02    5.3048519348e+02
 106.4000000    1.6729813145e+02    5.4556444812e+02
 107.2000000    1.6685788309e+02    4.4748503320e+02
 108.0000000    1.6688537075e+02    5.4443724241e+02
 108.8000000    2.1908118838e+02    4.8891475422e+02
 109.6000000    2.1936753416e+02    4.8815434957e+02
 110.4000000    1.6750505289e+02    4.4539683919e+02
 111.2000000    2.3525773968e+02    5.3018194860e+02
 112.0000000    2.9524951816e+02    4.7870189315e+02
 112.8000000    1.6814374536e+02    5.4517376280e+02
 113.6000000    2.3634986448e+02    5.4343751713e+02
 114.4000000    2.3591708750e+02    5.4347077582e+02
 115.2000000    2.3598772754e+02    5.3750227934e+02
 116.0000000    2.3348857016e+02    5.8297106465e+02
 116.8000000                -nan                -nan
 117.6000000    1.6971847726e+02    5.8368326389e+02
 118.4000000    1.6844101345e+02    5.8416441184e+02
 119.2000000    1.7103007675e+02    5.8340086940e+02
 120.0000000    1.6867963816e+02    5.8321041069e+02
 120.8000000    2.2200236585e+01    4.1175713029e+01
 121.6000000    2.2883061197e+01    2.8718153198e+01
 122.4000000    1.3300228192e+01    2.8879120500e+01
 123.2000000    2.1858877021e+01    2.8969950799e+01
 124.0000000    2.2883061255e+01    2.8286576098e+01
 124.8000000    2.2883061251e+01    2.8266238620e+01
 125.6000000    2.2883061251e+01    2.8264007218e+01
 126.4000000    3.8057463432e+01    5.1503078925e+01
 127.2000000    4.8714542719e+01    4.1517418283e+01
 128.0000000    4.8720707071e+01    4.1510350285e+01
 128.8000000    4.8720707128e+01    4.1510350285e+01
 129.6000000    9.8848341806e+01    7.3808267144e+01
 130.4000000    2.3154229231e+02    2.4284895299e+02
 131.2000000    9.9176704310e+01    3.0805454638e+02
 132.0000000    9.9176704310e+01    3.2233929367e+02
 132.8000000    1.1069319560e+02    3.2673530505e+02
 133.6000000    1.1408235963e+02    3.1386258708e+02
 134.4000000    1.0757100428e+02    3.1499659289e+02
 135.2000000    1.1258110766e+02    3.2215588247e+02
 136.0000000    8.1863904876e+01    3.2629939792e+02
 136.8000000    1.1069181480e+02    3.1455619049e+02
 137.6000000    1.1713280374e+02    3.1813402899e+02
 138.4000000    1.1216828864e+02    3.1844208881e+02
 139.2000000    1.1382302952e+02    3.3973337283e+02
 140.0000000    1.1829779424e+02    3.3929768988e+02
 140.8000000    1.1912516424e+02    3.3798771846e+02
 141.6000000    1.2230876202e+02    3.4203755916e+02
 142.4000000    2.4486758436e+02    2.9260153661e+02
 143.2000000    2.6608558080e+02    2.9372934109e+02
 144.0000000    4.0149145705e+02    5.8700429727e+02
 144.8000000    4.0447319961e+02    6.0064055528e+02
 145.6000000    4.0482565298e+02    5.3490673005e+02
 146.4000000    4.4402511789e+02    4.8726099230e+02
 147.2000000    4.4403067352e+02    4.8814280986e+02
 148.0000000    4.2979970105e+02    4.7972190638e+02
 148.8000000    4.7967666169e+02    4.8865805920e+02
 149.6000000    4.7995595837e+02    4.8863685498e+02
 150.4000000    4.7850827653e+02    4.8362319506e+02
 151.2000000    4.7847945275e+02    4.8361033794e+02
 152.0000000    4.7847898460e+02    4.8361014328e+02
 152.8000000    4.7847891772e+02    4.8361014328e+02
 153.6000000    3.2711902128e+02    4.0862201159e+02
 154.4000000    3.7293926387e+02    5.3934285670e+02
 155.2000000    3.0899313748e+02    3.4489870422e+02
 156.0000000    3.2872574309e+02    4.1335901739e+02
 156.8000000    3.2706648677e+02    4.1395821189e+02
 157.6000000    3.2729662733e+02    4.1686237228e+02
 158.4000000    3.3082976089e+02    4.1931035918e+02
 159.2000000    3.3442399023e+02    4.2371295155e+02
 160.0000000    3.3072997520e+02    4.2370511029e+02
 160.8000000    2.5346111697e+01    2.4855459428e+01
 161.6000000    1.5082675881e+01    2.9304519303e+01
 162.4000000    1.1915666974e-03    1.4839509593e+02
 163.2000000    1.3965049517e-03    1.4839509592e+02
 164.0000000    1.4715182919e-03    1.4839509592e+02
 164.8000000    1.4379462856e-03    1.4839509592e+02
 165.6000000    1.6923308492e-03    2.2587561074e+02
 166.4000000    2.8151108884e-03    1.4840186839e+02
 167.2000000    4.8962022056e-03    3.0712951441e+02
 168.0000000    7.8260753160e-03    1.4840186838e+02
 168.8000000    1.1516727195e-02    1.4840186839e+02
 169.6000000    1.7128553600e+01    1.3330431445e+02
 170.4000000    2.2542195290e+01    1.3138819231e+02
 171.2000000    2.2936906346e+01    1.3135433571e+02
 172.0000000    2.2936912519e+01    1.3135433577e+02
 172.8000000    5.7623334807e+01    1.5489592379e+02
 173.6000000    5.7446969956e+01    1.5929276509e+02
 174.4000000    5.2838287988e+01    1.5705925212e+02
 175.2000000    5.1750261853e+01    1.5687471315e+02
 176.0000000    5.3293972780e+01    3.1994436028e+02
 176.8000000    3.8262012654e+01    1.4996705799e+02
 177.6000000    3.3120363286e+01    2.0392886367e+02
 178.4000000    1.9212548723e+02    3.1992140657e+02
 179.2000000    1.1777244140e+02    4.2862185592e+02
 180.0000000    2.6972543838e+02    3.8832334019e+02
 180.8000000    2.7019235348e+02    4.7219479318e+02
 181.6000000    2.7019235392e+02    4.7219479319e+02
 182.4000000    2.5173810900e+02    4.3069995951e+02
 183.2000000    2.5173816090e+02    3.8704790382e+02
 184.0000000    2.7502801695e+02    4.7749517165e+02
 184.8000000    2.7334167939e+02    4.7701213461e+02
 185.6000000    2.7358133259e+02    4.7931395209e+02
 186.4000000    3.1314686292e+02    4.5509022954e+02
 187.2000000    2.7358133343e+02    4.7931875896e+02
 188.0000000    2.5075555005e+02    3.8878310172e+02
 188.8000000    2.5075555049e+02    3.8878310174e+02
 189.6000000    2.5075555093e+02    3.8878310175e+02
 190.4000000    2.5049406171e+02    3.8944291647e+02
 191.2000000    2.5120288482e+02    3.8901852998e+02
 192.0000000    2.5120737248e+02    3.8901700067e+02
 192.8000000    2.5101596216e+02    3.8893197862e+02
 193.6000000    2.5101373139e+02                -nan
 194.4000000    2.5087731762e+02    3.8861742361e+02
 195.2000000                -nan                -nan
 196.0000000    2.5087505794e+02    3.8860876300e+02
 196.8000000                -nan                -nan
 197.6000000    2.5087505879e+02    3.8860876304e+02
 198.4000000                -nan                -nan
 199.2000000    2.5087505965e+02    3.8860876307e+02
 200.0000000                -nan                -nan
 200.8000000    1.8287790051e+02    1.7320879343e+02
 201.6000000                -nan                -nan
 202.4000000    1.8213728587e+02    2.0688953036e+02
 203.2000000                -nan                -nan
 204.0000000    1.8391498064e+02    2.1203484990e+02
 204.8000000                -nan                -nan
 205.6000000    2.0170657481e+02    2.3188078112e+02
 206.4000000                -nan                -nan
 207.2000000    1.8229645511e+02    2.3877790952e+02
 208.0000000                -nan                -nan
 208.8000000    1.8215274860e+02    3.8810345510e+02
 209.6000000                -nan                -nan
 210.4000000    1.8806226865e+02    2.6502074688e+02
 211.2000000                -nan                -nan
 212.0000000    2.0167914513e+02    3.8561735078e+02
 212.8000000                -nan                -nan
 213.6000000    1.8858004533e+02    2.5815563038e+02
 214.4000000                -nan                -nan
 215.2000000    4.8139515364e+01    4.0325912633e+02
 216.0000000                -nan                -nan
 216.8000000    1.4986848840e+02    3.9257113349e+02
 217.6000000                -nan                -nan
 218.4000000    2.4757934266e+02    2.9608569403e+02
 219.2000000                -nan                -nan
 220.0000000    1.8497542942e+02    3.5476830976e+02
 220.8000000                -nan                -nan
 221.6000000    4.5961166136e+01    3.3700570700e+02
 222.4000000                -nan                -nan
 223.2000000    4.5961162695e+01    3.3855874336e+02
 224.0000000                -nan                -nan
 224.8000000    4.5961233628e+01    6.0560858675e+02
 225.6000000                -nan                -nan
 226.4000000    4.5961211890e+01    5.1040977768e+02
 227.2000000                -nan                -nan
 228.0000000    4.5961205919e+01    5.1040977764e+02
 228.8000000                -nan                -nan
 229.6000000    5.2215396684e+01    5.1161974689e+02
 230.4000000                -nan                -nan
 231.2000000                -nan                -nan
 232.0000000                -nan                -nan
 232.8000000    1.9039582828e+02    4.3545354161e+02
 233.6000000                -nan                -nan
 234.4000000                -nan                -nan
 235.2000000    3.7631163059e+02    4.3596630453e+02
 236.0000000                -nan                -nan
 236.8000000    2.9574724298e+02    4.3596630451e+02
 237.6000000                -nan                -nan
 238.4000000                -nan                -nan
 239.2000000    5.9602253444e+01    4.7736197914e+02
 240.0000000                -nan                -nan
 240.8000000    7.1200008052e+00    2.5476441440e+02
 241.6000000                -nan                -nan
 242.4000000    3.0409550319e+01    2.5529344018e+02
 243.2000000                -nan                -nan
 244.0000000    7.7822932830e-02    4.4251801786e+02
 244.8000000                -nan                -nan
 245.6000000    7.6863500982e-02    4.4262808629e+02
 246.4000000                -nan                -nan
 247.2000000    7.6879315282e-02    4.4262808629e+02
 248.0000000                -nan                -nan
 248.8000000    7.8171400763e-02    4.0994343604e+02
 249.6000000                -nan                -nan
 250.4000000    7.9434782665e-02    4.0994343604e+02
 251.2000000                -nan                -nan
 252.0000000    7.9486811923e-02    4.0994343605e+02
 252.8000000                -nan                -nan
 253.6000000    7.8389742808e-02    4.4260500183e+02
 254.4000000                -nan                -nan
 255.2000000    7.6249170917e-02    4.4260500183e+02
 256.0000000                -nan                -nan
 256.8000000    7.1765180294e-02    4.4260500183e+02
 257.6000000                -nan                -nan
 258.4000000    6.7852158534e-02    4.4260500180e+02
 259.2000000                -nan                -nan
 260.0000000    6.4012466062e-02    4.4260500178e+02
 260.8000000                -nan                -nan
 261.6000000    6.1368219239e-02    4.4260500176e+02
 262.4000000                -nan                -nan
 263.2000000    5.9760701553e-02    4.4260500176e+02
 264.0000000                -nan                -nan
 264.8000000    5.9013139458e-02    4.4260500175e+02
 265.6000000                -nan                -nan
 266.4000000    1.7599712483e+01    4.4342682788e+02
 267.2000000                -nan                -nan
 268.0000000    1.7599707850e+01    4.4349425992e+02
 268.8000000                -nan                -nan
 269.6000000    1.7599701309e+01    4.4349425993e+02
 270.4000000                -nan                -nan
 271.2000000    1.7599694481e+01    5.3855263012e+02
 272.0000000                -nan                -nan
 272.8000000    1.7599688060e+01    5.3855263013e+02
 273.6000000                -nan                -nan
 274.4000000    1.1341623223e+02    4.9694828128e+02
 275.2000000    1.1341623200e+02                -nan
 276.0000000    2.1454849113e+02    4.3806425184e+02
 276.8000000    1.1341623157e+02                -nan
 277.6000000    2.1454849087e+02    4.3806425182e+02
 278.4000000    1.1341623118e+02                -nan
 279.2000000    2.1454849051e+02    4.3806425181e+02
 280.0000000    1.1341623071e+02                -nan
 280.8000000    1.8212033207e+02    1.6932505367e+02
 281.6000000    4.4255888531e-02                -nan
 282.4000000    1.8212033153e+02    1.7738781105e+02
 283.2000000    2.1724702083e+01    5.2647775748e+01
 284.0000000    1.8218884646e+02    2.1861985540e+02
 284.8000000    1.7348659081e+00    1.3870152239e+02
 285.6000000    4.1258577594e-02    2.7630571564e+02
 286.4000000    4.1031114314e-02    1.0784364406e+02
 287.2000000    9.1589457669e+01    2.9104588952e+02
 288.0000000    9.1589457567e+01    1.4147736379e+02
 288.8000000    9.1589457488e+01    2.3842345510e+02
 289.6000000    2.0386909687e+02    2.2044637352e+02
 290.4000000    9.1589457308e+01    2.3842345506e+02
 291.2000000    2.0386909678e+02    2.2044637346e+02
 292.0000000    4.0003715078e-02    2.2657670169e+02
 292.8000000    1.8213726003e+02    2.0557384370e+02
 293.6000000    3.9695611220e-02    2.2657702676e+02
 294.4000000    1.8773993447e+02    2.0898858964e+02
 295.2000000    4.5522555996e+01    2.2787139125e+02
 296.0000000    1.8773993447e+02    2.0416365154e+02
 296.8000000    4.5522556302e+01    2.2345455236e+02
 297.6000000    1.8773993451e+02    2.0416365145e+02
 298.4000000    4.5522556843e+01    2.2345455232e+02
 299.2000000    1.8773993464e+02    2.0416365139e+02
 300.0000000    4.5522557602e+01    2.2086633271e+02
 300.8000000    1.8773993482e+02    2.0132758504e+02
 301.6000000    4.5522558560e+01    2.1428986571e+02
 302.4000000    1.8773993499e+02    1.9427457004e+02
 303.2000000    4.5522559434e+01    2.1445686979e+02
 304.0000000    1.8773993518e+02    1.9427456996e+02
 304.8000000    4.5522560435e+01    2.1445686977e+02
 305.6000000    4.5522560985e+01    9.5771548012e+01
 306.4000000    4.5522561509e+01    9.5771548026e+01
 307.2000000    4.5522562072e+01    2.7180118672e+02
 308.0000000    4.5522562654e+01    2.7434370957e+02
 308.8000000    4.5522563259e+01    2.7434370957e+02
 309.6000000    4.5522563955e+01    2.7434370958e+02
 310.4000000    4.5522564660e+01    2.7434370959e+02
 311.2000000    6.5216615740e+01    2.7434370960e+02
 312.0000000    3.8546756112e+02    2.7434370963e+02
 312.8000000    3.8546756119e+02    2.7434370964e+02
 313.6000000    3.8546756126e+02    2.7434370964e+02
 314.4000000    3.8546756133e+02    2.7434370964e+02
 315.2000000    3.8546756142e+02    2.7434370965e+02
 316.0000000    3.8546756150e+02    2.7632992626e+02
 316.8000000    3.8709728672e+02    2.7956982922e+02
 317.6000000    3.8709728680e+02    2.7956982923e+02
 318.4000000    3.8709728687e+02    2.7957049857e+02
 319.2000000    3.8709728694e+02    2.7957072750e+02
 320.0000000    3.8709728701e+02    2.7957072751e+02
