#       time      Noether Charge
   0.0000000    2.7127860395e-01
   0.8000000    2.7127869495e-01
   1.6000000    2.7127896272e-01
   2.4000000    2.7127937416e-01
   3.2000000    2.7127925355e-01
   4.0000000    2.7127895800e-01
   4.8000000    2.7127914488e-01
   5.6000000    2.7127911259e-01
   6.4000000    2.7127912164e-01
   7.2000000    2.7127917625e-01
   8.0000000    2.7127920989e-01
   8.8000000    2.7127927994e-01
   9.6000000    2.7127933498e-01
  10.4000000    2.7127938913e-01
  11.2000000    2.7127944520e-01
  12.0000000    2.7127949970e-01
  12.8000000    2.7127955872e-01
  13.6000000    2.7127961408e-01
  14.4000000    2.7127965637e-01
  15.2000000    2.7127972075e-01
  16.0000000    2.7127977605e-01
  16.8000000    2.7127982776e-01
  17.6000000    2.7127987942e-01
  18.4000000    2.7127994399e-01
  19.2000000    2.7127999126e-01
  20.0000000    2.7128004798e-01
  20.8000000    2.7128010318e-01
  21.6000000    2.7128015724e-01
  22.4000000    2.7128021520e-01
  23.2000000    2.7128026650e-01
  24.0000000    2.7128032138e-01
  24.8000000    2.7128037356e-01
  25.6000000    2.7128043042e-01
  26.4000000    2.7128048577e-01
  27.2000000    2.7128054089e-01
  28.0000000    2.7128059462e-01
  28.8000000    2.7128064879e-01
  29.6000000    2.7128070413e-01
  30.4000000    2.7128075912e-01
  31.2000000    2.7128081314e-01
  32.0000000    2.7128086853e-01
  32.8000000    2.7128092221e-01
  33.6000000    2.7128097872e-01
  34.4000000    2.7128103110e-01
  35.2000000    2.7128108772e-01
  36.0000000    2.7128114279e-01
  36.8000000    2.7128119746e-01
  37.6000000    2.7128125267e-01
  38.4000000    2.7128130743e-01
  39.2000000    2.7128136107e-01
  40.0000000    2.7128141644e-01
  40.8000000    2.7128147117e-01
  41.6000000    2.7128152476e-01
  42.4000000    2.7128158224e-01
  43.2000000    2.7128163407e-01
  44.0000000    2.7128169032e-01
  44.8000000    2.7128174387e-01
  45.6000000    2.7128179867e-01
  46.4000000    2.7128185333e-01
  47.2000000    2.7128190807e-01
  48.0000000    2.7128196216e-01
  48.8000000    2.7128201741e-01
  49.6000000    2.7128207157e-01
  50.4000000    2.7128212642e-01
  51.2000000    2.7128218074e-01
  52.0000000    2.7128223523e-01
  52.8000000    2.7128228991e-01
  53.6000000    2.7128234440e-01
  54.4000000    2.7128239899e-01
  55.2000000    2.7128245339e-01
  56.0000000    2.7128250821e-01
  56.8000000    2.7128256256e-01
  57.6000000    2.7128261716e-01
  58.4000000    2.7128267160e-01
  59.2000000    2.7128272633e-01
  60.0000000    2.7128278073e-01
  60.8000000    2.7128283527e-01
  61.6000000    2.7128288982e-01
  62.4000000    2.7128294455e-01
  63.2000000    2.7128299895e-01
  64.0000000    2.7128305344e-01
  64.8000000    2.7128310825e-01
  65.6000000    2.7128316229e-01
  66.4000000    2.7128321727e-01
  67.2000000    2.7128327154e-01
  68.0000000    2.7128332644e-01
  68.8000000    2.7128338071e-01
  69.6000000    2.7128343523e-01
  70.4000000    2.7128348992e-01
  71.2000000    2.7128354439e-01
  72.0000000    2.7128359920e-01
  72.8000000    2.7128365319e-01
  73.6000000    2.7128370824e-01
  74.4000000    2.7128376255e-01
  75.2000000    2.7128381735e-01
  76.0000000    2.7128387173e-01
  76.8000000    2.7128392636e-01
  77.6000000    2.7128398090e-01
  78.4000000    2.7128403550e-01
  79.2000000    2.7128409003e-01
  80.0000000    2.7128414464e-01
  80.8000000    2.7128419920e-01
  81.6000000    2.7128425376e-01
  82.4000000    2.7128430832e-01
  83.2000000    2.7128436296e-01
  84.0000000    2.7128441750e-01
  84.8000000    2.7128447210e-01
  85.6000000    2.7128452669e-01
  86.4000000    2.7128458122e-01
  87.2000000    2.7128463586e-01
  88.0000000    2.7128469038e-01
  88.8000000    2.7128474505e-01
  89.6000000    2.7128479958e-01
  90.4000000    2.7128485420e-01
  91.2000000    2.7128490876e-01
  92.0000000    2.7128496340e-01
  92.8000000    2.7128501793e-01
  93.6000000    2.7128507257e-01
  94.4000000    2.7128512713e-01
  95.2000000    2.7128518178e-01
  96.0000000    2.7128523632e-01
  96.8000000    2.7128529095e-01
  97.6000000    2.7128534553e-01
  98.4000000    2.7128540015e-01
  99.2000000    2.7128545475e-01
 100.0000000    2.7128550934e-01
 100.8000000    2.7128556395e-01
 101.6000000    2.7128561854e-01
 102.4000000    2.7128567315e-01
 103.2000000    2.7128572775e-01
 104.0000000    2.7128578236e-01
 104.8000000    2.7128583696e-01
 105.6000000    2.7128589157e-01
 106.4000000    2.7128594616e-01
 107.2000000    2.7128600078e-01
 108.0000000    2.7128605538e-01
 108.8000000    2.7128610999e-01
 109.6000000    2.7128616460e-01
 110.4000000    2.7128621920e-01
 111.2000000    2.7128627381e-01
 112.0000000    2.7128632841e-01
 112.8000000    2.7128638302e-01
 113.6000000    2.7128643763e-01
 114.4000000    2.7128649223e-01
 115.2000000    2.7128654683e-01
 116.0000000    2.7128660146e-01
 116.8000000    2.7128665605e-01
 117.6000000    2.7128671067e-01
 118.4000000    2.7128676526e-01
 119.2000000    2.7128681988e-01
 120.0000000    2.7128687448e-01
 120.8000000    2.7128692909e-01
 121.6000000    2.7128698368e-01
 122.4000000    2.7128703830e-01
 123.2000000    2.7128709290e-01
 124.0000000    2.7128714750e-01
 124.8000000    2.7128720210e-01
 125.6000000    2.7128725670e-01
 126.4000000    2.7128731131e-01
 127.2000000    2.7128736591e-01
 128.0000000    2.7128742051e-01
 128.8000000    2.7128747511e-01
 129.6000000    2.7128752971e-01
 130.4000000    2.7128758431e-01
 131.2000000    2.7128763890e-01
 132.0000000    2.7128769350e-01
 132.8000000    2.7128774810e-01
 133.6000000    2.7128780269e-01
 134.4000000    2.7128785728e-01
 135.2000000    2.7128791187e-01
 136.0000000    2.7128796646e-01
 136.8000000    2.7128802106e-01
 137.6000000    2.7128807564e-01
 138.4000000    2.7128813023e-01
 139.2000000    2.7128818482e-01
 140.0000000    2.7128823940e-01
 140.8000000    2.7128829399e-01
 141.6000000    2.7128834857e-01
 142.4000000    2.7128840315e-01
 143.2000000    2.7128845773e-01
 144.0000000    2.7128851231e-01
 144.8000000    2.7128856688e-01
 145.6000000    2.7128862146e-01
 146.4000000    2.7128867603e-01
 147.2000000    2.7128873060e-01
 148.0000000    2.7128878517e-01
 148.8000000    2.7128883975e-01
 149.6000000    2.7128889432e-01
 150.4000000    2.7128894886e-01
 151.2000000    2.7128900343e-01
 152.0000000    2.7128905802e-01
 152.8000000    2.7128911260e-01
 153.6000000    2.7128916711e-01
 154.4000000    2.7128922165e-01
 155.2000000    2.7128927622e-01
 156.0000000    2.7128933083e-01
 156.8000000    2.7128938537e-01
 157.6000000    2.7128943989e-01
 158.4000000    2.7128949442e-01
 159.2000000    2.7128954898e-01
 160.0000000    2.7128960353e-01
 160.8000000    2.7128965807e-01
 161.6000000    2.7128971262e-01
 162.4000000    2.7128976717e-01
 163.2000000    2.7128982170e-01
 164.0000000    2.7128987622e-01
 164.8000000    2.7128993075e-01
 165.6000000    2.7128998529e-01
 166.4000000    2.7129003983e-01
 167.2000000    2.7129009436e-01
 168.0000000    2.7129014888e-01
 168.8000000    2.7129020340e-01
 169.6000000    2.7129025794e-01
 170.4000000    2.7129031246e-01
 171.2000000    2.7129036696e-01
 172.0000000    2.7129042145e-01
 172.8000000    2.7129047599e-01
 173.6000000    2.7129053054e-01
 174.4000000    2.7129058504e-01
 175.2000000    2.7129063953e-01
 176.0000000    2.7129069399e-01
 176.8000000    2.7129074853e-01
 177.6000000    2.7129080307e-01
 178.4000000    2.7129085760e-01
 179.2000000    2.7129091207e-01
 180.0000000    2.7129096652e-01
 180.8000000    2.7129102103e-01
 181.6000000    2.7129107554e-01
 182.4000000    2.7129113006e-01
 183.2000000    2.7129118455e-01
 184.0000000    2.7129123903e-01
 184.8000000    2.7129129351e-01
 185.6000000    2.7129134799e-01
 186.4000000    2.7129140248e-01
 187.2000000    2.7129145697e-01
 188.0000000    2.7129151146e-01
 188.8000000    2.7129156595e-01
 189.6000000    2.7129162043e-01
 190.4000000    2.7129167489e-01
 191.2000000    2.7129172937e-01
 192.0000000    2.7129178385e-01
 192.8000000    2.7129183834e-01
 193.6000000    2.7129189280e-01
 194.4000000    2.7129194727e-01
 195.2000000    2.7129200175e-01
 196.0000000    2.7129205623e-01
 196.8000000    2.7129211070e-01
 197.6000000    2.7129216516e-01
 198.4000000    2.7129221962e-01
 199.2000000    2.7129227408e-01
 200.0000000    2.7129232857e-01
 200.8000000    2.7129238304e-01
 201.6000000    2.7129243750e-01
 202.4000000    2.7129249195e-01
 203.2000000    2.7129254641e-01
 204.0000000    2.7129260089e-01
 204.8000000    2.7129265536e-01
 205.6000000    2.7129270982e-01
 206.4000000    2.7129276427e-01
 207.2000000    2.7129281872e-01
 208.0000000    2.7129287318e-01
 208.8000000    2.7129292765e-01
 209.6000000    2.7129298212e-01
 210.4000000    2.7129303658e-01
 211.2000000    2.7129309103e-01
 212.0000000    2.7129314549e-01
 212.8000000    2.7129319995e-01
 213.6000000    2.7129325441e-01
 214.4000000    2.7129330887e-01
 215.2000000    2.7129336333e-01
 216.0000000    2.7129341779e-01
 216.8000000    2.7129347225e-01
 217.6000000    2.7129352671e-01
 218.4000000    2.7129358117e-01
 219.2000000    2.7129363563e-01
 220.0000000    2.7129369009e-01
 220.8000000    2.7129374455e-01
 221.6000000    2.7129379902e-01
 222.4000000    2.7129385348e-01
 223.2000000    2.7129390794e-01
 224.0000000    2.7129396241e-01
 224.8000000    2.7129401687e-01
 225.6000000    2.7129407134e-01
 226.4000000    2.7129412581e-01
 227.2000000    2.7129418027e-01
 228.0000000    2.7129423474e-01
 228.8000000    2.7129428921e-01
 229.6000000    2.7129434368e-01
 230.4000000    2.7129439815e-01
 231.2000000    2.7129445262e-01
 232.0000000    2.7129450710e-01
 232.8000000    2.7129456158e-01
 233.6000000    2.7129461605e-01
 234.4000000    2.7129467053e-01
 235.2000000    2.7129472501e-01
 236.0000000    2.7129477949e-01
 236.8000000    2.7129483397e-01
 237.6000000    2.7129488845e-01
 238.4000000    2.7129494294e-01
 239.2000000    2.7129499743e-01
 240.0000000    2.7129505191e-01
 240.8000000    2.7129510640e-01
 241.6000000    2.7129516090e-01
 242.4000000    2.7129521539e-01
 243.2000000    2.7129526989e-01
 244.0000000    2.7129532438e-01
 244.8000000    2.7129537888e-01
 245.6000000    2.7129543338e-01
 246.4000000    2.7129548788e-01
 247.2000000    2.7129554239e-01
 248.0000000    2.7129559689e-01
 248.8000000    2.7129565140e-01
 249.6000000    2.7129570591e-01
 250.4000000    2.7129576042e-01
 251.2000000    2.7129581494e-01
 252.0000000    2.7129586946e-01
 252.8000000    2.7129592398e-01
 253.6000000    2.7129597850e-01
 254.4000000    2.7129603302e-01
 255.2000000    2.7129608754e-01
 256.0000000    2.7129614207e-01
 256.8000000    2.7129619660e-01
 257.6000000    2.7129625113e-01
 258.4000000    2.7129630567e-01
 259.2000000    2.7129636020e-01
 260.0000000    2.7129641474e-01
 260.8000000    2.7129646928e-01
 261.6000000    2.7129652382e-01
 262.4000000    2.7129657837e-01
 263.2000000    2.7129663292e-01
 264.0000000    2.7129668747e-01
 264.8000000    2.7129674202e-01
 265.6000000    2.7129679657e-01
 266.4000000    2.7129685113e-01
 267.2000000    2.7129690569e-01
 268.0000000    2.7129696025e-01
 268.8000000    2.7129701481e-01
 269.6000000    2.7129706938e-01
 270.4000000    2.7129712394e-01
 271.2000000    2.7129717851e-01
 272.0000000    2.7129723309e-01
 272.8000000    2.7129728766e-01
 273.6000000    2.7129734223e-01
 274.4000000    2.7129739681e-01
 275.2000000    2.7129745139e-01
 276.0000000    2.7129750598e-01
 276.8000000    2.7129756056e-01
 277.6000000    2.7129761514e-01
 278.4000000    2.7129766974e-01
 279.2000000    2.7129772433e-01
 280.0000000    2.7129777892e-01
 280.8000000    2.7129783351e-01
 281.6000000    2.7129788811e-01
 282.4000000    2.7129794271e-01
 283.2000000    2.7129799731e-01
 284.0000000    2.7129805191e-01
 284.8000000    2.7129810651e-01
 285.6000000    2.7129816112e-01
 286.4000000    2.7129821573e-01
 287.2000000    2.7129827034e-01
 288.0000000    2.7129832495e-01
 288.8000000    2.7129837956e-01
 289.6000000    2.7129843417e-01
 290.4000000    2.7129848878e-01
 291.2000000    2.7129854340e-01
 292.0000000    2.7129859803e-01
 292.8000000    2.7129865265e-01
 293.6000000    2.7129870727e-01
 294.4000000    2.7129876189e-01
 295.2000000    2.7129881651e-01
 296.0000000    2.7129887113e-01
 296.8000000    2.7129892576e-01
 297.6000000    2.7129898039e-01
 298.4000000    2.7129903502e-01
 299.2000000    2.7129908966e-01
 300.0000000    2.7129914429e-01
 300.8000000    2.7129919892e-01
 301.6000000    2.7129925356e-01
 302.4000000    2.7129930819e-01
 303.2000000    2.7129936282e-01
 304.0000000    2.7129941745e-01
 304.8000000    2.7129947209e-01
 305.6000000    2.7129952673e-01
 306.4000000    2.7129958137e-01
 307.2000000    2.7129963602e-01
 308.0000000    2.7129969066e-01
 308.8000000    2.7129974530e-01
 309.6000000    2.7129979994e-01
 310.4000000    2.7129985458e-01
 311.2000000    2.7129990922e-01
 312.0000000    2.7129996386e-01
 312.8000000    2.7130001850e-01
 313.6000000    2.7130007314e-01
 314.4000000    2.7130012779e-01
 315.2000000    2.7130018244e-01
 316.0000000    2.7130023709e-01
 316.8000000    2.7130029174e-01
 317.6000000    2.7130034639e-01
 318.4000000    2.7130040103e-01
 319.2000000    2.7130045567e-01
 320.0000000    2.7130051031e-01
