#       time             min chi
   0.0000000    0.0000000000e+00
   0.5000000    0.0000000000e+00
   1.0000000    0.0000000000e+00
   1.5000000    0.0000000000e+00
   2.0000000    0.0000000000e+00
   2.5000000    0.0000000000e+00
   3.0000000    0.0000000000e+00
   3.5000000    0.0000000000e+00
   4.0000000    0.0000000000e+00
   4.5000000    0.0000000000e+00
   5.0000000    0.0000000000e+00
   5.5000000    0.0000000000e+00
   6.0000000    0.0000000000e+00
   6.5000000    0.0000000000e+00
   7.0000000    0.0000000000e+00
   7.5000000    0.0000000000e+00
   8.0000000    0.0000000000e+00
   8.5000000    0.0000000000e+00
   9.0000000    0.0000000000e+00
   9.5000000    0.0000000000e+00
  10.0000000    0.0000000000e+00
  10.5000000    0.0000000000e+00
  11.0000000    0.0000000000e+00
  11.5000000    0.0000000000e+00
  12.0000000    0.0000000000e+00
  12.5000000    0.0000000000e+00
  13.0000000    0.0000000000e+00
  13.5000000    0.0000000000e+00
  14.0000000    0.0000000000e+00
  14.5000000    0.0000000000e+00
  15.0000000    0.0000000000e+00
  15.5000000    0.0000000000e+00
  16.0000000    0.0000000000e+00
  16.5000000    0.0000000000e+00
  17.0000000    0.0000000000e+00
  17.5000000    0.0000000000e+00
  18.0000000    0.0000000000e+00
  18.5000000    0.0000000000e+00
  19.0000000    0.0000000000e+00
  19.5000000    0.0000000000e+00
  20.0000000    0.0000000000e+00
  20.5000000    0.0000000000e+00
  21.0000000    0.0000000000e+00
  21.5000000    0.0000000000e+00
  22.0000000    0.0000000000e+00
  22.5000000    0.0000000000e+00
  23.0000000    0.0000000000e+00
  23.5000000    0.0000000000e+00
  24.0000000    0.0000000000e+00
  24.5000000    0.0000000000e+00
  25.0000000    0.0000000000e+00
  25.5000000    0.0000000000e+00
  26.0000000    0.0000000000e+00
  26.5000000    0.0000000000e+00
  27.0000000    0.0000000000e+00
  27.5000000    0.0000000000e+00
  28.0000000    0.0000000000e+00
  28.5000000    0.0000000000e+00
  29.0000000    0.0000000000e+00
  29.5000000    0.0000000000e+00
  30.0000000    0.0000000000e+00
  30.5000000    0.0000000000e+00
  31.0000000    0.0000000000e+00
  31.5000000    0.0000000000e+00
  32.0000000    0.0000000000e+00
  32.5000000    0.0000000000e+00
  33.0000000    0.0000000000e+00
  33.5000000    0.0000000000e+00
  34.0000000    0.0000000000e+00
  34.5000000    0.0000000000e+00
  35.0000000    0.0000000000e+00
  35.5000000    0.0000000000e+00
  36.0000000    0.0000000000e+00
  36.5000000    0.0000000000e+00
  37.0000000    0.0000000000e+00
  37.5000000    0.0000000000e+00
  38.0000000    0.0000000000e+00
  38.5000000    0.0000000000e+00
  39.0000000    0.0000000000e+00
  39.5000000    0.0000000000e+00
  40.0000000    0.0000000000e+00
  40.5000000    0.0000000000e+00
  41.0000000    0.0000000000e+00
  41.5000000    0.0000000000e+00
  42.0000000    0.0000000000e+00
  42.5000000    0.0000000000e+00
  43.0000000    0.0000000000e+00
  43.5000000    0.0000000000e+00
  44.0000000    0.0000000000e+00
  44.5000000    0.0000000000e+00
  45.0000000    0.0000000000e+00
  45.5000000    0.0000000000e+00
  46.0000000    0.0000000000e+00
  46.5000000    0.0000000000e+00
  47.0000000    0.0000000000e+00
  47.5000000    0.0000000000e+00
  48.0000000    0.0000000000e+00
  48.5000000    0.0000000000e+00
  49.0000000    0.0000000000e+00
  49.5000000    0.0000000000e+00
  50.0000000    0.0000000000e+00
  50.5000000    0.0000000000e+00
  51.0000000    0.0000000000e+00
  51.5000000    0.0000000000e+00
  52.0000000    0.0000000000e+00
  52.5000000    0.0000000000e+00
  53.0000000    0.0000000000e+00
  53.5000000    0.0000000000e+00
  54.0000000    0.0000000000e+00
  54.5000000    0.0000000000e+00
  55.0000000    0.0000000000e+00
  55.5000000    0.0000000000e+00
  56.0000000    0.0000000000e+00
  56.5000000    0.0000000000e+00
  57.0000000    0.0000000000e+00
  57.5000000    0.0000000000e+00
  58.0000000    0.0000000000e+00
  58.5000000    0.0000000000e+00
  59.0000000    0.0000000000e+00
  59.5000000    0.0000000000e+00
  60.0000000    0.0000000000e+00
  60.5000000    0.0000000000e+00
  61.0000000    0.0000000000e+00
  61.5000000    0.0000000000e+00
  62.0000000    0.0000000000e+00
  62.5000000    0.0000000000e+00
  63.0000000    0.0000000000e+00
  63.5000000    0.0000000000e+00
  64.0000000    0.0000000000e+00
  64.5000000    0.0000000000e+00
  65.0000000    0.0000000000e+00
  65.5000000    0.0000000000e+00
  66.0000000    0.0000000000e+00
  66.5000000    0.0000000000e+00
  67.0000000    0.0000000000e+00
  67.5000000    0.0000000000e+00
  68.0000000    0.0000000000e+00
  68.5000000    0.0000000000e+00
  69.0000000    0.0000000000e+00
  69.5000000    0.0000000000e+00
  70.0000000    0.0000000000e+00
  70.5000000    0.0000000000e+00
  71.0000000    0.0000000000e+00
  71.5000000    0.0000000000e+00
  72.0000000    0.0000000000e+00
  72.5000000    0.0000000000e+00
  73.0000000    0.0000000000e+00
  73.5000000    0.0000000000e+00
  74.0000000    0.0000000000e+00
  74.5000000    0.0000000000e+00
  75.0000000    0.0000000000e+00
  75.5000000    0.0000000000e+00
  76.0000000    0.0000000000e+00
  76.5000000    0.0000000000e+00
  77.0000000    0.0000000000e+00
  77.5000000    0.0000000000e+00
  78.0000000    0.0000000000e+00
  78.5000000    0.0000000000e+00
  79.0000000    0.0000000000e+00
  79.5000000    0.0000000000e+00
  80.0000000    0.0000000000e+00
  80.5000000    0.0000000000e+00
  81.0000000    0.0000000000e+00
  81.5000000    0.0000000000e+00
  82.0000000    0.0000000000e+00
  82.5000000    0.0000000000e+00
  83.0000000    0.0000000000e+00
  83.5000000    0.0000000000e+00
  84.0000000    0.0000000000e+00
  84.5000000    0.0000000000e+00
  85.0000000    0.0000000000e+00
  85.5000000    0.0000000000e+00
  86.0000000    0.0000000000e+00
  86.5000000    0.0000000000e+00
  87.0000000    0.0000000000e+00
  87.5000000    0.0000000000e+00
  88.0000000    0.0000000000e+00
  88.5000000    0.0000000000e+00
  89.0000000    0.0000000000e+00
  89.5000000    0.0000000000e+00
  90.0000000    0.0000000000e+00
  90.5000000    0.0000000000e+00
  91.0000000    0.0000000000e+00
  91.5000000    0.0000000000e+00
  92.0000000    0.0000000000e+00
  92.5000000    0.0000000000e+00
  93.0000000    0.0000000000e+00
  93.5000000    0.0000000000e+00
  94.0000000    0.0000000000e+00
  94.5000000    0.0000000000e+00
  95.0000000    0.0000000000e+00
  95.5000000    0.0000000000e+00
  96.0000000    0.0000000000e+00
  96.5000000    0.0000000000e+00
  97.0000000    0.0000000000e+00
  97.5000000    0.0000000000e+00
  98.0000000    0.0000000000e+00
  98.5000000    0.0000000000e+00
  99.0000000    0.0000000000e+00
  99.5000000    0.0000000000e+00
 100.0000000    0.0000000000e+00
 100.5000000    0.0000000000e+00
 101.0000000    0.0000000000e+00
 101.5000000    0.0000000000e+00
 102.0000000    0.0000000000e+00
 102.5000000    0.0000000000e+00
 103.0000000    0.0000000000e+00
 103.5000000    0.0000000000e+00
 104.0000000    0.0000000000e+00
 104.5000000    0.0000000000e+00
 105.0000000    0.0000000000e+00
 105.5000000    0.0000000000e+00
 106.0000000    0.0000000000e+00
 106.5000000   2.7092269462e-154
 107.0000000   5.5124373820e-154
 107.5000000   3.6111673797e-153
 108.0000000   8.1292623115e-153
 108.5000000   3.7521411727e-152
 109.0000000   1.1231311458e-151
 109.5000000   3.6085456902e-151
 110.0000000   1.4565952833e-150
 110.5000000   3.1182290488e-150
 111.0000000   1.7741477790e-149
 111.5000000   2.2897638849e-149
 112.0000000   2.0260449620e-148
 112.5000000   1.3815787091e-148
 113.0000000   2.1596162528e-147
 113.5000000   1.5774587554e-147
 114.0000000   1.7666778893e-146
 114.5000000   2.9285138020e-146
 115.0000000   1.9154949764e-145
 115.5000000   4.3667647412e-145
 116.0000000   1.5236412788e-144
 116.5000000   5.4755032239e-144
 117.0000000   1.0053342355e-143
 117.5000000   6.0204077792e-143
 118.0000000   4.8422468697e-143
 118.5000000   5.8874288490e-142
 119.0000000   4.2949267373e-142
 119.5000000   4.1570971612e-141
 120.0000000   8.0138420555e-141
 120.5000000   3.8104889409e-140
 121.0000000   1.0720858320e-139
 121.5000000   2.2899615158e-139
 122.0000000   1.1514448862e-138
 122.5000000   9.3081150074e-139
 123.0000000   1.0449962978e-137
 123.5000000   8.5741639875e-138
 124.0000000   7.8977117438e-137
 124.5000000   1.4945035352e-136
 125.0000000   4.9888565331e-136
 125.5000000   1.7536586141e-135
 126.0000000   2.1477746510e-135
 126.5000000   1.6124065343e-134
 127.0000000   1.0284448404e-134
 127.5000000   1.0239321220e-133
 128.0000000   1.9759740479e-133
 128.5000000   7.0408994002e-133
 129.0000000   2.3349745124e-132
 129.5000000   2.6687647203e-132
 130.0000000   2.0369944985e-131
 130.5000000   1.4924461284e-131
 131.0000000   1.3831362470e-130
 131.5000000   2.6584028146e-130
 132.0000000   6.1513323841e-130
 132.5000000   2.7744569074e-129
 133.0000000   1.8645208716e-129
 133.5000000   1.8722930167e-128
 134.0000000   2.5347834797e-128
 134.5000000   9.2533724349e-128
 135.0000000   3.2963370650e-127
 135.5000000   3.9494242421e-127
 136.0000000   2.7460264383e-126
 136.5000000   2.2249516702e-126
 137.0000000   1.4027083867e-125
 137.5000000   3.2513733906e-125
 138.0000000   4.6022749095e-125
 138.5000000   3.2420299462e-124
 139.0000000   2.0613099419e-124
 139.5000000   1.7579007687e-123
 140.0000000   2.3282104070e-123
 140.5000000   4.2034660521e-123
 141.0000000   3.5677535204e-122
 141.5000000   2.0952813541e-122
 142.0000000   1.8644583265e-121
 142.5000000   1.8779543895e-121
 143.0000000   5.1112501032e-121
 143.5000000   3.7007559375e-120
 144.0000000   2.1954529735e-120
 144.5000000   1.7388814546e-119
 145.0000000   1.7334556614e-119
 145.5000000   6.0268346760e-119
 146.0000000   3.5787189683e-118
 146.5000000   1.7768321837e-118
 147.0000000   1.4587264491e-117
 147.5000000   1.6474965062e-117
 148.0000000   5.9679408129e-117
 148.5000000   2.9091332310e-116
 149.0000000   1.3260978826e-116
 149.5000000   1.0634308664e-115
 150.0000000   1.9229209053e-115
 150.5000000   3.8546405088e-115
 151.0000000   2.2055299246e-114
 151.5000000   1.5284950651e-114
 152.0000000   6.3907000610e-114
 152.5000000   2.5500162874e-113
 153.0000000   2.0761193293e-113
 153.5000000   1.5223655284e-112
 154.0000000   2.0230144167e-112
 154.5000000   2.8169128634e-112
 155.0000000   1.4720365830e-111
 155.5000000   1.4096801202e-111
 156.0000000   3.7218739427e-111
 156.5000000   1.3175287122e-110
 157.0000000   4.3711450111e-111
 157.5000000   1.6214682967e-110
 158.0000000   5.1562690136e-110
 158.5000000   4.9731558649e-109
 159.0000000   1.9311963234e-108
 159.5000000   8.3109487830e-109
 160.0000000   1.0029154842e-107
 160.5000000   1.0332148299e-107
 161.0000000   1.9910448136e-107
 161.5000000   9.0731769572e-107
 162.0000000   3.6488764068e-107
 162.5000000   4.2697736415e-106
 163.0000000   1.2544576227e-105
 163.5000000   3.9321759494e-106
 164.0000000   4.5142135560e-105
 164.5000000   6.8623508008e-105
 165.0000000   1.8705288844e-104
 165.5000000   8.1287306230e-104
 166.0000000   2.5197604337e-104
 166.5000000   3.0773385478e-103
 167.0000000   8.0240097888e-103
 167.5000000   2.1278328068e-103
 168.0000000   2.5180909824e-102
 168.5000000   4.1765853744e-102
 169.0000000   8.2949718198e-102
 169.5000000   2.6736974230e-101
 170.0000000   2.5977688122e-101
 170.5000000   1.2984610656e-100
 171.0000000   4.0010389904e-100
 171.5000000   1.2815315682e-100
 172.0000000    1.3791270673e-99
 172.5000000    3.2170320636e-99
 173.0000000    2.3372507966e-99
 173.5000000    2.0344109550e-99
 174.0000000    1.6836659684e-98
 174.5000000    3.7508297852e-98
 175.0000000    1.4644331955e-97
 175.5000000    1.1207479021e-97
 176.0000000    4.8196678844e-97
 176.5000000    1.4287645032e-96
 177.0000000    6.1295485541e-97
 177.5000000    5.2593639035e-96
 178.0000000    1.1415211349e-95
 178.5000000    4.6967085567e-96
 179.0000000    3.5702867967e-95
 179.5000000    7.2272756400e-95
 180.0000000    8.5553645343e-95
 180.5000000    2.2088626657e-94
 181.0000000    4.1362575125e-94
 181.5000000    1.0167356347e-93
 182.0000000    3.5536564721e-93
 182.5000000    2.9765201904e-93
 183.0000000    1.0520869031e-92
 183.5000000    3.0215436768e-92
 184.0000000    1.6301507778e-92
 184.5000000    9.8329503266e-92
 185.0000000    2.2572449492e-91
 185.5000000    9.4401192650e-92
 186.0000000    8.5180982149e-91
 186.5000000    1.6081457103e-90
 187.0000000    1.0183920761e-90
 187.5000000    6.2072482568e-90
 188.0000000    1.0588018353e-89
 188.5000000    9.9646758997e-90
 189.0000000    4.2007152847e-89
 189.5000000    6.1341452260e-89
 190.0000000    9.3011908914e-89
 190.5000000    2.8776614295e-88
 191.0000000    3.6050272294e-88
 191.5000000    8.0390300798e-88
 192.0000000    2.3115237488e-87
 192.5000000    2.2950438469e-87
 193.0000000    6.4990350312e-87
 193.5000000    1.9158739622e-86
 194.0000000    1.6138292045e-86
 194.5000000    4.9733391314e-86
 195.0000000    1.3745774681e-85
 195.5000000    9.9243507104e-86
 196.0000000    3.6352553963e-85
 196.5000000    9.1232429532e-85
 197.0000000    5.7895493341e-85
 197.5000000    2.5547194904e-84
 198.0000000    5.9315780596e-84
 198.5000000    3.5216859900e-84
 199.0000000    1.7342586876e-83
 199.5000000    3.7867828403e-83
 200.0000000    2.1224286280e-83
 200.5000000    1.1410890058e-82
 201.0000000    2.3784484444e-82
 201.5000000    1.2897052131e-82
 202.0000000    7.2947161330e-82
 202.5000000    1.4719189137e-81
 203.0000000    7.8494994948e-82
 203.5000000    4.5383073564e-81
 204.0000000    8.9841509833e-81
 204.5000000    4.7567291735e-81
 205.0000000    2.7504854019e-80
 205.5000000    5.4112719921e-80
 206.0000000    2.8637469440e-80
 206.5000000    1.6245747333e-79
 207.0000000    3.2164108425e-79
 207.5000000    1.7167876448e-79
 208.0000000    9.3505389757e-79
 208.5000000    1.8859110068e-78
 209.0000000    1.0305157947e-78
 209.5000000    5.2410591284e-78
 210.0000000    1.0899391371e-77
 210.5000000    6.2292204322e-78
 211.0000000    2.8573133765e-77
 211.5000000    6.2017961273e-77
 212.0000000    3.8001238534e-77
 212.5000000    1.5123117808e-76
 213.0000000    3.4692952175e-76
 213.5000000    2.2009730701e-76
 214.0000000    7.7502048999e-76
 214.5000000    1.6543090484e-75
 215.0000000    1.2109682274e-75
 215.5000000    3.8315439639e-75
 216.0000000    7.3864423918e-75
 216.5000000    7.1808046213e-75
 217.0000000    1.8181902266e-74
 217.5000000    3.3199365694e-74
 218.0000000    4.4324714311e-74
 218.5000000    8.2262398834e-74
 219.0000000    1.6661341667e-73
 219.5000000    2.7305211433e-73
 220.0000000    3.5204722453e-73
 220.5000000    9.8318788012e-73
 221.0000000    1.6380951507e-72
 221.5000000    1.4191589650e-72
 222.0000000    5.2677228241e-72
 222.5000000    9.3068671437e-72
 223.0000000    5.5397272157e-72
 223.5000000    3.0960760727e-71
 224.0000000    4.9471818350e-71
 224.5000000    2.4036644450e-71
 225.0000000    1.3844574673e-70
 225.5000000    2.5417634945e-70
 226.0000000    1.3461827876e-70
 226.5000000    5.8945502087e-70
 227.0000000    1.0567658008e-69
 227.5000000    7.1117737947e-70
 228.0000000    2.3624289654e-69
 228.5000000    3.4373802793e-69
 229.0000000    4.3668847684e-69
 229.5000000    8.7587854294e-69
 230.0000000    1.5139689115e-68
 230.5000000    2.6948440408e-68
 231.0000000    2.9343326862e-68
 231.5000000    8.0698425717e-68
 232.0000000    1.5425361458e-67
 232.5000000    9.0048432801e-68
 233.0000000    4.9700738555e-67
 233.5000000    7.8402422775e-67
 234.0000000    3.5159146953e-67
 234.5000000    1.9315129353e-66
 235.0000000    3.1594290523e-66
 235.5000000    1.8476863667e-66
 236.0000000    6.9206362538e-66
 236.5000000    8.0408444145e-66
 237.0000000    1.1581603972e-65
 237.5000000    2.2154711666e-65
 238.0000000    3.7835599109e-65
 238.5000000    7.1001935286e-65
 239.0000000    6.0276464312e-65
 239.5000000    2.1223569969e-64
 240.0000000    3.8443335077e-64
 240.5000000    1.5909012256e-64
 241.0000000    1.0121451761e-63
 241.5000000    1.5430289313e-63
 242.0000000    7.6912070516e-64
 242.5000000    3.3492551208e-63
 243.0000000    3.0256045941e-63
 243.5000000    5.0124204429e-63
 244.0000000    9.5665808757e-63
 244.5000000    1.2995883655e-62
 245.0000000    3.0920692900e-62
 245.5000000    2.1421723574e-62
 246.0000000    8.9816630736e-62
 246.5000000    1.6036627579e-61
 247.0000000    5.5750414987e-62
 247.5000000    3.6488360925e-61
 248.0000000    3.6071576879e-61
 248.5000000    3.2199506338e-61
 249.0000000    1.0393179292e-60
 249.5000000    9.3876381573e-61
 250.0000000    2.2891015800e-60
 250.5000000    2.2908024633e-60
 251.0000000    5.7484513187e-60
 251.5000000    1.2490170160e-59
 252.0000000    3.6957419763e-60
 252.5000000    3.1453112830e-59
 253.0000000    2.8418297073e-59
 253.5000000    2.1064252872e-59
 254.0000000    8.5478769060e-59
 254.5000000    5.1833363410e-59
 255.0000000    1.6848860638e-58
 255.5000000    1.7183916673e-58
 256.0000000    3.6625805356e-58
 256.5000000    9.2128736391e-58
 257.0000000    2.0931530653e-58
 257.5000000    2.2237274318e-57
 258.0000000    1.4861647126e-57
 258.5000000    1.6124451192e-57
 259.0000000    5.4903109301e-57
 259.5000000    2.9558729301e-57
 260.0000000    1.2663914721e-56
 260.5000000    2.9010119611e-57
 261.0000000    3.0191050818e-56
 261.5000000    6.0133597095e-56
 262.0000000    1.1831734352e-56
 262.5000000    1.2896317947e-55
 263.0000000    2.1148313426e-56
 263.5000000    1.4567981089e-55
 264.0000000    2.6658834222e-55
 264.5000000    2.1384052920e-55
 265.0000000    9.2199534962e-55
 265.5000000    2.2020422536e-55
 266.0000000    2.5429922468e-54
 266.5000000    1.1623008412e-54
 267.0000000    1.3082992697e-54
 267.5000000    5.8939066267e-54
 268.0000000    2.9360298836e-54
 268.5000000    1.2155462262e-53
 269.0000000    6.2884607795e-54
 269.5000000    2.9670650367e-53
 270.0000000    4.5670576227e-53
 270.5000000    7.6590464605e-54
 271.0000000    1.0949593343e-52
 271.5000000    1.6269904318e-53
 272.0000000    1.4990443080e-52
 272.5000000    1.4575556993e-52
 273.0000000    2.5669631742e-52
 273.5000000    8.2829463670e-52
 274.0000000    8.7587140840e-53
 274.5000000    1.8050078800e-51
 275.0000000    2.8575441319e-52
 275.5000000    1.7606756400e-51
 276.0000000    3.3395518317e-51
 276.5000000    1.9757673308e-51
 277.0000000    1.0945630041e-50
 277.5000000    1.7040972810e-51
 278.0000000    2.7088109062e-50
 278.5000000    1.0403685048e-50
 279.0000000    2.0177643504e-50
 279.5000000    5.2174174968e-50
 280.0000000    2.1152564733e-50
 280.5000000    1.3917400982e-49
 281.0000000    3.9054025859e-50
 281.5000000    3.7502180475e-49
 282.0000000    2.0100172571e-49
 282.5000000    2.3271419830e-49
 283.0000000    7.2956738310e-49
 283.5000000    3.2270033164e-49
 284.0000000    1.6202076834e-48
 284.5000000    6.2956544618e-49
 285.0000000    4.8228613036e-48
 285.5000000    2.9471039431e-48
 286.0000000    2.7759963186e-48
 286.5000000    9.2623004093e-48
 287.0000000    4.4979247668e-48
 287.5000000    1.8425876487e-47
 288.0000000    8.1913875143e-48
 288.5000000    5.7792720235e-47
 289.0000000    3.5946327808e-47
 289.5000000    3.4451330857e-47
 290.0000000    1.0732638881e-46
 290.5000000    5.8315499144e-47
 291.0000000    2.0230430852e-46
 291.5000000    9.0115142079e-47
 292.0000000    6.4558582264e-46
 292.5000000    3.7679748624e-46
 293.0000000    4.3595324039e-46
 293.5000000    1.1343825175e-45
 294.0000000    8.0160084411e-46
 294.5000000    2.1433700009e-45
 295.0000000    8.6377908727e-46
 295.5000000    6.7100563345e-45
 296.0000000    3.5357249727e-45
 296.5000000    5.4421780839e-45
 297.0000000    1.0870444861e-44
 297.5000000    1.1738557644e-44
 298.0000000    2.2116340913e-44
 298.5000000    8.0660416547e-45
 299.0000000    6.4607844509e-44
 299.5000000    3.4316131333e-44
 300.0000000    6.5949705246e-44
 300.5000000    9.3258186743e-44
 301.0000000    1.6531230589e-43
 301.5000000    2.2439232332e-43
 302.0000000    8.8179257124e-44
 302.5000000    5.7200152256e-43
 303.0000000    3.8143228063e-43
 303.5000000    6.6178118303e-43
 304.0000000    7.0142723545e-43
 304.5000000    2.1088029072e-42
 305.0000000    2.2365009289e-42
 305.5000000    1.1613843926e-42
 306.0000000    4.6008500834e-42
 306.5000000    3.4579715944e-42
 307.0000000    5.6606892636e-42
 307.5000000    4.5450590579e-42
 308.0000000    1.7829262446e-41
 308.5000000    1.4541165310e-41
 309.0000000    1.4989956896e-41
 309.5000000    3.2960693459e-41
 310.0000000    3.8936035298e-41
 310.5000000    5.1110863829e-41
 311.0000000    2.9530886641e-41
 311.5000000    1.5910191412e-40
 312.0000000    1.0825173464e-40
 312.5000000    1.5295563667e-40
 313.0000000    2.0373985016e-40
 313.5000000    4.5201641604e-40
 314.0000000    4.7557399312e-40
 314.5000000    2.9179091983e-40
 315.0000000    1.0785490484e-39
 315.5000000    9.0347839336e-40
 316.0000000    1.1514142276e-39
 316.5000000    1.0679386399e-39
 317.0000000    3.4514245929e-39
 317.5000000    3.0771834404e-39
 318.0000000    3.4842842718e-39
 318.5000000    6.2761093657e-39
 319.0000000    9.6314025008e-39
 319.5000000    9.9062411502e-39
 320.0000000    6.5846543538e-39
 320.5000000    2.7868772649e-38
 321.0000000    2.3170488016e-38
 321.5000000    2.4630220579e-38
 322.0000000    3.0313740917e-38
 322.5000000    7.0534885849e-38
 323.0000000    7.7379974009e-38
 323.5000000    6.8935226786e-38
 324.0000000    1.4992751364e-37
 324.5000000    1.9458365357e-37
 325.0000000    1.9595263214e-37
 325.5000000    1.4943863354e-37
 326.0000000    5.8460692273e-37
 326.5000000    4.9955382959e-37
 327.0000000    4.7875152142e-37
 327.5000000    6.5954517758e-37
 328.0000000    1.3343056401e-36
 328.5000000    1.5586008649e-36
 329.0000000    1.3617308271e-36
 329.5000000    2.9169509118e-36
 330.0000000    3.6161328416e-36
 330.5000000    3.6666499406e-36
 331.0000000    2.9683133313e-36
 331.5000000    1.0759962999e-35
 332.0000000    9.3554950664e-36
 332.5000000    8.4782977636e-36
 333.0000000    1.1454703054e-35
 333.5000000    2.3746234591e-35
 334.0000000    2.6044411307e-35
 334.5000000    2.3639332957e-35
 335.0000000    4.6943552172e-35
 335.5000000    5.6805378001e-35
 336.0000000    6.4922685895e-35
 336.5000000    5.2989034704e-35
 337.0000000    1.6725590178e-34
 337.5000000    1.5425374281e-34
 338.0000000    1.4223552069e-34
 338.5000000    1.6421896160e-34
 339.0000000    4.0559667163e-34
 339.5000000    3.9549182792e-34
 340.0000000    3.4100383796e-34
 340.5000000    6.2233332358e-34
 341.0000000    8.8281721864e-34
 341.5000000    1.0797597033e-33
 342.0000000    9.3166814069e-34
 342.5000000    2.1636444446e-33
 343.0000000    2.0842158147e-33
 343.5000000    2.3230847811e-33
 344.0000000    2.1515904088e-33
 344.5000000    6.1383534279e-33
 345.0000000    5.6063056836e-33
 345.5000000    4.9964651877e-33
 346.0000000    6.8111848769e-33
 346.5000000    1.3938602467e-32
 347.0000000    1.4320234620e-32
 347.5000000    1.1551686210e-32
 348.0000000    2.2896348708e-32
 348.5000000    2.9454072601e-32
 349.0000000    3.5829532089e-32
 349.5000000    3.0027757834e-32
 350.0000000    6.8781261273e-32
 350.5000000    6.4506785532e-32
 351.0000000    7.5622464471e-32
 351.5000000    7.1402869112e-32
 352.0000000    1.7931656795e-31
 352.5000000    1.5320269143e-31
 353.0000000    1.5750380558e-31
 353.5000000    2.0010826324e-31
 354.0000000    4.3134373183e-31
 354.5000000    3.9262438895e-31
 355.0000000    3.3567390333e-31
 355.5000000    6.0259924852e-31
 356.0000000    8.9918805034e-31
 356.5000000    1.0315844456e-30
 357.0000000    7.6292839608e-31
 357.5000000    1.6517853671e-30
 358.0000000    1.8454994944e-30
 358.5000000    2.2211330009e-30
 359.0000000    1.8641893338e-30
 359.5000000    4.1473545662e-30
 360.0000000    3.8421141949e-30
 360.5000000    4.5487521200e-30
 361.0000000    4.5844772598e-30
 361.5000000    1.0058649218e-29
 362.0000000    8.2981968607e-30
 362.5000000    9.1970638845e-30
 363.0000000    1.1752156376e-29
 363.5000000    2.3643985316e-29
 364.0000000    1.8745587097e-29
 364.5000000    1.8642921747e-29
 365.0000000    3.0024807073e-29
 365.5000000    4.8389244612e-29
 366.0000000    4.3734786370e-29
 366.5000000    3.8595597079e-29
 367.0000000    7.2852185175e-29
 367.5000000    9.7069195243e-29
 368.0000000    1.0312994246e-28
 368.5000000    8.2695011337e-29
 369.0000000    1.7182373486e-28
 369.5000000    1.9765592290e-28
 370.0000000    2.3405453318e-28
 370.5000000    1.8318219458e-28
 371.0000000    3.9441220223e-28
 371.5000000    3.9345587555e-28
 372.0000000    4.6424301057e-28
 372.5000000    4.1378101396e-28
 373.0000000    8.8290046068e-28
 373.5000000    7.7908038434e-28
 374.0000000    9.0964450174e-28
 374.5000000    9.3756526937e-28
 375.0000000    1.9314090173e-27
 375.5000000    1.5530103103e-27
 376.0000000    1.7675648011e-27
 376.5000000    2.1053668677e-27
 377.0000000    4.1370168008e-27
 377.5000000    3.1217760713e-27
 378.0000000    3.4198373830e-27
 378.5000000    4.6540002816e-27
 379.0000000    8.4657708778e-27
 379.5000000    6.3183358087e-27
 380.0000000    6.6120980656e-27
 380.5000000    1.0097446913e-26
 381.0000000    1.6166133560e-26
 381.5000000    1.2825768387e-26
 382.0000000    1.2807732752e-26
 382.5000000    2.1484294833e-26
 383.0000000    3.0705759803e-26
 383.5000000    2.5987316878e-26
 384.0000000    2.4875460561e-26
 384.5000000    4.4838542644e-26
 385.0000000    5.8072353474e-26
 385.5000000    5.2324879726e-26
 386.0000000    4.8398075697e-26
 386.5000000    9.1854503640e-26
 387.0000000    1.0941058844e-25
 387.5000000    1.0433152312e-25
 388.0000000    9.4112107810e-26
 388.5000000    1.8485631156e-25
 389.0000000    2.0532875539e-25
 389.5000000    2.0551011116e-25
 390.0000000    1.8236668347e-25
 390.5000000    3.6578184953e-25
 391.0000000    3.8363132415e-25
 391.5000000    3.9929470740e-25
 392.0000000    3.5112177350e-25
 392.5000000    6.9489800144e-25
 393.0000000    7.1305585265e-25
 393.5000000    7.6455551769e-25
 394.0000000    6.7003931322e-25
 394.5000000    1.2932096805e-24
 395.0000000    1.3174577139e-24
 395.5000000    1.4420597051e-24
 396.0000000    1.2648814862e-24
 396.5000000    2.3814517325e-24
 397.0000000    2.4181010551e-24
 397.5000000    2.6788484171e-24
 398.0000000    2.3590685514e-24
 398.5000000    4.3402974674e-24
 399.0000000    4.4073058029e-24
 399.5000000    4.9014769991e-24
 400.0000000    4.3434223289e-24
 400.5000000    7.8342407359e-24
 401.0000000    7.9765224761e-24
 401.5000000    8.8352762005e-24
 402.0000000    7.8917746351e-24
 402.5000000    1.4020943882e-23
 403.0000000    1.4339287376e-23
 403.5000000    1.5696818067e-23
 404.0000000    1.4150971203e-23
 404.5000000    2.4920318719e-23
 405.0000000    2.5620295981e-23
 405.5000000    2.7503974137e-23
 406.0000000    2.5052191764e-23
 406.5000000    4.3256720237e-23
 407.0000000    4.5535896232e-23
 407.5000000    4.7579741074e-23
 408.0000000    4.3823179217e-23
 408.5000000    7.4342411435e-23
 409.0000000    8.0584452533e-23
 409.5000000    8.1388478525e-23
 410.0000000    7.5841516510e-23
 410.5000000    1.2709579762e-22
 411.0000000    1.4212096936e-22
 411.5000000    1.3796936781e-22
 412.0000000    1.3008384695e-22
 412.5000000    2.1685797297e-22
 413.0000000    2.4994213071e-22
 413.5000000    2.3248295481e-22
 414.0000000    2.2164225929e-22
 414.5000000    3.7050937278e-22
 415.0000000    4.3839834235e-22
 415.5000000    3.9085875278e-22
 416.0000000    3.7617245615e-22
 416.5000000    6.3549258099e-22
 417.0000000    7.6662966585e-22
 417.5000000    6.5834035301e-22
 418.0000000    6.3781002627e-22
 418.5000000    1.0953951363e-21
 419.0000000    1.3353461637e-21
 419.5000000    1.1149509708e-21
 420.0000000    1.0831471981e-21
 420.5000000    1.7631888782e-21
 421.0000000    2.0826873162e-21
 421.5000000    1.9025495588e-21
 422.0000000    1.8453844950e-21
 422.5000000    2.7527669868e-21
 423.0000000    3.2129565962e-21
 423.5000000    3.0514403306e-21
 424.0000000    3.1548214668e-21
 424.5000000    4.2277557380e-21
 425.0000000    5.0116359208e-21
 425.5000000    4.7917069843e-21
 426.0000000    5.4045158543e-21
 426.5000000    6.3938843526e-21
 427.0000000    7.9921241169e-21
 427.5000000    7.6545923156e-21
 428.0000000    9.2533039106e-21
 428.5000000    9.5480919802e-21
 429.0000000    1.2128118118e-20
 429.5000000    1.2499727456e-20
 430.0000000    1.4871355090e-20
 430.5000000    1.4157611547e-20
 431.0000000    1.8520916363e-20
 431.5000000    2.0823770114e-20
 432.0000000    2.2236780322e-20
 432.5000000    2.1044209088e-20
 433.0000000    2.9344529657e-20
 433.5000000    3.5111634802e-20
 434.0000000    3.4028122293e-20
 434.5000000    3.1769719540e-20
 435.0000000    4.8180826530e-20
 435.5000000    5.6927945075e-20
 436.0000000    5.3862049345e-20
 436.5000000    4.9313491566e-20
 437.0000000    8.0841482103e-20
 437.5000000    8.1547654230e-20
 438.0000000    7.7365314254e-20
 438.5000000    7.9040613614e-20
 439.0000000    1.1700984453e-19
 439.5000000    1.2232900674e-19
 440.0000000    1.1329973526e-19
 440.5000000    1.2988710549e-19
 441.0000000    1.6038384247e-19
 441.5000000    1.7075101218e-19
 442.0000000    1.7489987949e-19
 442.5000000    2.1578861545e-19
 443.0000000    2.1725812073e-19
 443.5000000    2.4621539660e-19
 444.0000000    2.8287070031e-19
 444.5000000    3.1358428913e-19
 445.0000000    2.9589741298e-19
 445.5000000    3.8055569133e-19
 446.0000000    4.6781634154e-19
 446.5000000    4.6159072023e-19
 447.0000000    4.1648346136e-19
 447.5000000    6.1867984755e-19
 448.0000000    6.5256863842e-19
 448.5000000    6.1129389928e-19
 449.0000000    6.2071220582e-19
 449.5000000    9.7945332964e-19
 450.0000000    9.0969615861e-19
 450.5000000    8.5489322522e-19
 451.0000000    9.7801098025e-19
 451.5000000    1.2585998674e-18
 452.0000000    1.1975683462e-18
 452.5000000    1.2983328734e-18
 453.0000000    1.5863692998e-18
 453.5000000    1.5960588892e-18
 454.0000000    1.7223478122e-18
 454.5000000    2.0889661536e-18
 455.0000000    2.2471226964e-18
 455.5000000    2.0579671480e-18
 456.0000000    2.6955512696e-18
 456.5000000    3.0182324163e-18
 457.0000000    2.8052530400e-18
 457.5000000    2.8235313827e-18
 458.0000000    4.2348113004e-18
 458.5000000    3.9154318605e-18
 459.0000000    3.7511782922e-18
 459.5000000    4.2196295464e-18
 460.0000000    5.0658613371e-18
 460.5000000    4.9940206215e-18
 461.0000000    5.5879409126e-18
 461.5000000    6.6720314491e-18
 462.0000000    6.4052279767e-18
 462.5000000    7.1392641690e-18
 463.0000000    8.9044681456e-18
 463.5000000    8.5571226937e-18
 464.0000000    8.5336096337e-18
 464.5000000    1.1141102663e-17
 465.0000000    1.1623344455e-17
 465.5000000    1.0739380545e-17
 466.0000000    1.1415555654e-17
 466.5000000    1.3985928030e-17
 467.0000000    1.3872688493e-17
 467.5000000    1.4801704513e-17
 468.0000000    1.6964886375e-17
 468.5000000    1.6974950510e-17
 469.0000000    1.1268467736e-17
 469.5000000    2.2803147134e-17
 470.0000000    2.1838448445e-17
 470.5000000    2.4125516449e-17
 471.0000000    2.7940280834e-17
 471.5000000    2.9990635868e-17
 472.0000000    2.8547792923e-17
 472.5000000    3.0106233782e-17
 473.0000000    3.4297621140e-17
 473.5000000    3.5088205037e-17
 474.0000000    3.7768946853e-17
 474.5000000    4.0355767017e-17
 475.0000000    4.1832548761e-17
 475.5000000    4.5908266455e-17
 476.0000000    5.7112711619e-17
 476.5000000    5.3819359477e-17
 477.0000000    6.0513065030e-17
 477.5000000    6.6264097492e-17
 478.0000000    6.9564945142e-17
 478.5000000    6.9145967539e-17
 479.0000000    7.3981647724e-17
 479.5000000    7.6514293711e-17
 480.0000000    8.0965439424e-17
 480.5000000    9.2014331061e-17
 481.0000000    9.0901290775e-17
 481.5000000    9.9062432187e-17
 482.0000000    1.0868477420e-16
 482.5000000    1.3410233493e-16
 483.0000000    1.2800811034e-16
 483.5000000    1.3644427367e-16
 484.0000000    1.3960523839e-16
 484.5000000    1.4667678452e-16
 485.0000000    1.5574074571e-16
 485.5000000    1.2182818585e-16
 486.0000000    1.6495389358e-16
 486.5000000    1.7731551455e-16
 487.0000000    2.1174883032e-16
 487.5000000    2.0567365485e-16
 488.0000000    2.2129446063e-16
 488.5000000    2.3208762093e-16
 489.0000000    2.5913229489e-16
 489.5000000    2.7081271066e-16
 490.0000000    4.5215693584e-17
 490.5000000    2.4296844295e-16
 491.0000000    2.9106659945e-16
 491.5000000    3.2635740397e-16
 492.0000000    3.2598055002e-16
 492.5000000    3.4795212711e-16
 493.0000000    1.0776167970e-16
 493.5000000    7.7197707183e-17
 494.0000000    2.6736163548e-16
 494.5000000    4.1172281214e-16
 495.0000000    4.4156058844e-16
 495.5000000    4.6919346343e-16
 496.0000000    4.0613180663e-16
 496.5000000    2.7470279376e-16
 497.0000000    5.3882646501e-16
 497.5000000    3.0856063708e-16
 498.0000000    5.2565350537e-16
 498.5000000    1.6284363287e-16
 499.0000000    6.4642761244e-16
 499.5000000    6.9266269635e-16
 500.0000000    4.9748458996e-17
 500.5000000    7.1791603669e-16
 501.0000000    2.6230597125e-16
 501.5000000    3.0636920872e-16
 502.0000000    1.2503160705e-16
 502.5000000    6.7825606104e-16
 503.0000000    1.8774897874e-16
 503.5000000    3.4357948143e-16
 504.0000000    2.8125644001e-16
 504.5000000    1.0152411878e-15
 505.0000000    5.5990493597e-16
 505.5000000    1.8780870414e-16
 506.0000000    7.7690638394e-16
 506.5000000    6.5846584343e-16
 507.0000000    8.1993587295e-16
 507.5000000    5.7688597190e-16
 508.0000000    2.3526022335e-16
 508.5000000    6.2792881162e-16
 509.0000000    7.4134368143e-16
 509.5000000    6.7800262385e-16
 510.0000000    3.3698872342e-16
 510.5000000    3.9683615576e-16
 511.0000000    1.5678269934e-16
 511.5000000    7.8557743241e-16
 512.0000000    1.0828894936e-15
 512.5000000    5.7861603711e-16
 513.0000000    1.3017205762e-15
 513.5000000    3.1106844625e-16
 514.0000000    2.9113755459e-16
 514.5000000    5.6091298706e-16
 515.0000000    3.4694535162e-16
 515.5000000    4.8748074601e-16
 516.0000000    1.0695758119e-16
 516.5000000    3.4520698232e-16
 517.0000000    1.0329390775e-15
 517.5000000    7.3991762677e-16
 518.0000000    1.0638553227e-15
 518.5000000    9.2086254568e-16
 519.0000000    6.5360642887e-16
 519.5000000    7.9655279562e-16
 520.0000000    1.1907240694e-15
 520.5000000    1.4034440331e-15
 521.0000000    2.7817524387e-16
 521.5000000    8.0610436437e-16
 522.0000000    7.1437076386e-16
 522.5000000    6.3273373969e-16
 523.0000000    2.9672296552e-16
 523.5000000    4.7022299443e-16
 524.0000000    3.3631407286e-16
 524.5000000    6.8150743459e-16
 525.0000000    1.9775663016e-15
 525.5000000    2.1854564124e-15
 526.0000000    8.8810707258e-16
 526.5000000    1.4254276704e-15
 527.0000000    1.4425110676e-15
 527.5000000    8.1948267844e-16
 528.0000000    1.6601451619e-16
 528.5000000    1.1052860322e-15
 529.0000000    7.0337396531e-16
 529.5000000    7.6111065354e-16
 530.0000000    1.6439043872e-15
 530.5000000    1.0706013153e-15
 531.0000000    1.1738081428e-15
 531.5000000    9.0689057234e-16
 532.0000000    8.3788606469e-16
 532.5000000    4.1468491786e-16
 533.0000000    3.4553248087e-16
 533.5000000    1.5557295177e-15
 534.0000000    1.4951911235e-15
 534.5000000    2.1521248992e-16
 535.0000000    4.5786938262e-16
 535.5000000    4.1562852592e-16
 536.0000000    7.0292479592e-16
 536.5000000    9.7728479213e-16
 537.0000000    1.4941389660e-15
 537.5000000    1.6911736808e-15
 538.0000000    5.1648147449e-16
 538.5000000    1.6004124989e-15
 539.0000000    1.2610189276e-15
 539.5000000    1.2238738837e-15
 540.0000000    1.8319525941e-15
 540.5000000    2.2471893273e-15
 541.0000000    4.8518710804e-16
 541.5000000    1.3506474256e-15
 542.0000000    2.1672594360e-15
 542.5000000    2.7830331064e-15
 543.0000000    2.8223980802e-15
 543.5000000    4.5240743388e-15
 544.0000000    4.7452976741e-15
 544.5000000    4.4043892400e-15
 545.0000000    4.7276900012e-15
 545.5000000    3.6129093367e-15
 546.0000000    5.1321736961e-15
 546.5000000    5.9179992638e-15
 547.0000000    4.9719793073e-15
 547.5000000    4.9987199095e-15
 548.0000000    6.2527846271e-15
 548.5000000    7.5828184535e-15
 549.0000000    3.4338741789e-15
 549.5000000    6.8267106256e-15
 550.0000000    1.0695993090e-14
 550.5000000    4.2051742752e-15
 551.0000000    3.3123071264e-15
 551.5000000    9.7380690911e-15
 552.0000000    1.5381221642e-14
 552.5000000    1.2978067035e-14
 553.0000000    9.5200282780e-15
 553.5000000    1.7200895356e-14
 554.0000000    7.5917118084e-15
 554.5000000    1.1234080109e-14
 555.0000000    1.0220747774e-14
 555.5000000    2.3770931957e-14
 556.0000000    1.5861982175e-14
 556.5000000    7.1370151179e-15
 557.0000000    2.8842224335e-14
 557.5000000    1.2866226441e-14
 558.0000000    2.4095644873e-14
 558.5000000    1.6712129504e-14
 559.0000000    2.0156350383e-14
 559.5000000    6.7946425155e-15
 560.0000000    2.4901154481e-14
 560.5000000    2.7350552959e-14
 561.0000000    1.4339588706e-14
 561.5000000    1.8561586407e-14
 562.0000000    2.7641166229e-14
 562.5000000    2.9881757182e-14
 563.0000000    2.0899525235e-14
 563.5000000    2.4271436418e-14
 564.0000000    2.3188322598e-14
 564.5000000    3.4843056870e-14
 565.0000000    3.1404487047e-14
 565.5000000    2.5381066451e-14
 566.0000000    1.5067726468e-14
 566.5000000    3.0249569862e-14
 567.0000000    3.9534499585e-14
 567.5000000    2.5498111079e-14
 568.0000000    2.0918123959e-14
 568.5000000    3.2600970849e-14
 569.0000000    2.4418913329e-14
 569.5000000    3.3869582717e-14
 570.0000000    3.0427616984e-14
 570.5000000    3.1276376758e-14
 571.0000000    9.1669712862e-15
 571.5000000    3.1773392243e-14
 572.0000000    5.1529436903e-14
 572.5000000    4.1314317595e-14
 573.0000000    8.3030243645e-15
 573.5000000    1.9736060375e-14
 574.0000000    5.0594416250e-14
 574.5000000    5.3050912394e-14
 575.0000000    2.6081268373e-14
 575.5000000    3.1007788407e-14
 576.0000000    4.0669682402e-14
 576.5000000    7.4736077977e-14
 577.0000000    5.3289009655e-14
 577.5000000    5.1935618765e-14
 578.0000000    4.8308425117e-14
 578.5000000    7.7499322387e-14
 579.0000000    1.1050361247e-13
 579.5000000    8.4928882717e-14
 580.0000000    8.0585620372e-14
 580.5000000    9.6149350140e-14
 581.0000000    1.2710047809e-13
 581.5000000    1.4226261820e-13
 582.0000000    1.4486228182e-13
 582.5000000    1.5662815601e-13
 583.0000000    1.5148193469e-13
 583.5000000    1.9913689092e-13
 584.0000000    6.2099964643e-14
 584.5000000    1.9323072568e-13
 585.0000000    1.8801597381e-13
 585.5000000    1.5601770166e-13
 586.0000000    1.5742814995e-13
 586.5000000    1.5126729251e-13
 587.0000000    1.3713007039e-13
 587.5000000    1.6100207914e-13
 588.0000000    3.9934030683e-14
 588.5000000    1.2508302577e-13
 589.0000000    3.7019422398e-13
 589.5000000    2.8834074376e-13
 590.0000000    3.2464446696e-13
 590.5000000    8.4748199295e-14
 591.0000000    3.6842568283e-13
 591.5000000    1.9227619636e-13
 592.0000000    3.4002826283e-13
 592.5000000    5.1818124598e-13
 593.0000000    2.6483654010e-13
 593.5000000    6.4687101219e-14
 594.0000000    1.4668212284e-13
 594.5000000    1.6862852434e-13
 595.0000000    1.8620675451e-13
 595.5000000    3.1154128835e-13
 596.0000000    4.7328011996e-14
 596.5000000    1.3251483422e-13
 597.0000000    8.8370901548e-14
 597.5000000    3.7690794257e-13
 598.0000000    3.0410431688e-13
 598.5000000    9.8643515591e-14
 599.0000000    5.3026030121e-14
 599.5000000    1.5374738701e-13
 600.0000000    2.5555000641e-13
 600.5000000    4.5144943388e-13
 601.0000000    3.5694196006e-13
 601.5000000    1.4848233061e-13
 602.0000000    3.2313401712e-13
 602.5000000    2.9339562615e-13
 603.0000000    2.1781802327e-13
 603.5000000    6.4596851064e-13
 604.0000000    3.6217306126e-13
 604.5000000    3.9290361142e-13
 605.0000000    1.2884615298e-13
 605.5000000    5.0286264238e-13
 606.0000000    1.9360036796e-13
 606.5000000    2.3298556307e-13
 607.0000000    1.2219075011e-13
 607.5000000    2.1610119726e-13
 608.0000000    2.6976336206e-13
 608.5000000    2.7522289935e-13
 609.0000000    6.4221042183e-13
 609.5000000    1.2653776874e-13
 610.0000000    2.6076251953e-13
 610.5000000    2.8328827310e-13
 611.0000000    1.3692846224e-13
 611.5000000    2.7897308470e-13
 612.0000000    4.1250430570e-13
 612.5000000    3.1491189322e-13
 613.0000000    4.2889938176e-13
 613.5000000    2.9386461294e-13
 614.0000000    2.3810848805e-13
 614.5000000    3.5592552245e-13
 615.0000000    6.7452590812e-14
 615.5000000    3.1747980514e-13
 616.0000000    5.5104052460e-14
 616.5000000    1.6717846964e-13
 617.0000000    1.8774233433e-13
 617.5000000    3.1724946149e-13
 618.0000000    1.5449642992e-13
 618.5000000    2.7126276588e-13
 619.0000000    1.5344406934e-13
 619.5000000    3.8650546787e-13
 620.0000000    2.3081929477e-13
 620.5000000    5.1963555961e-13
 621.0000000    3.3678417034e-13
 621.5000000    7.4242638555e-14
 622.0000000    1.6500153115e-13
 622.5000000    3.1669677216e-13
 623.0000000    2.8185410664e-13
 623.5000000    4.2218898672e-14
 624.0000000    4.0374078096e-13
 624.5000000    2.7519385835e-13
 625.0000000    2.3607225752e-13
 625.5000000    3.0206530092e-13
 626.0000000    3.7266670041e-13
 626.5000000    1.0052389279e-13
 627.0000000    4.8506903024e-13
 627.5000000    4.5579406021e-13
 628.0000000    9.1776507197e-14
 628.5000000    2.6201576188e-13
 629.0000000    4.6594053499e-13
 629.5000000    1.1692242370e-13
 630.0000000    5.4880292943e-13
 630.5000000    8.8215879967e-14
 631.0000000    5.9522070796e-13
 631.5000000    1.4318275258e-13
 632.0000000    1.8352659800e-13
 632.5000000    3.7155960910e-13
 633.0000000    2.3784686851e-13
 633.5000000    5.7607679100e-13
 634.0000000    2.1381539249e-13
 634.5000000    5.6107865534e-13
 635.0000000    9.0630574013e-14
 635.5000000    1.6523302043e-13
 636.0000000    2.3592428716e-13
 636.5000000    5.2170755333e-13
 637.0000000    3.8455248176e-13
 637.5000000    5.3187537604e-13
 638.0000000    2.5406705012e-13
 638.5000000    5.2652758373e-13
 639.0000000    3.4293443666e-13
 639.5000000    5.4455049254e-13
 640.0000000    2.9413916177e-13
 640.5000000    5.8547011888e-13
 641.0000000    3.0935728894e-13
 641.5000000    1.7367230289e-13
 642.0000000    3.9453732122e-13
 642.5000000    6.7429354270e-13
 643.0000000    3.5604078479e-13
 643.5000000    2.3884544752e-13
 644.0000000    2.6105736383e-13
 644.5000000    5.9842952251e-13
 645.0000000    4.3182560243e-13
 645.5000000    1.2149148950e-13
 646.0000000    1.7972585620e-13
 646.5000000    4.9793545501e-13
 647.0000000    1.3905794650e-13
 647.5000000    4.4492880041e-13
 648.0000000    3.1617122943e-13
 648.5000000    5.9073250678e-13
 649.0000000    7.6376262417e-13
 649.5000000    5.0037933020e-13
 650.0000000    4.6821515579e-13
 650.5000000    1.8632880809e-13
 651.0000000    1.3809432252e-13
 651.5000000    6.9094176803e-14
 652.0000000    1.2077950842e-13
 652.5000000    2.6347387452e-13
 653.0000000    1.2612363507e-13
 653.5000000    1.4822021159e-13
 654.0000000    4.2566020851e-13
 654.5000000    9.2497347502e-13
 655.0000000    3.1324611752e-13
 655.5000000    4.5090507937e-13
 656.0000000    1.2235624546e-13
 656.5000000    2.2315870523e-13
 657.0000000    3.7392376468e-13
 657.5000000    1.1597716837e-13
 658.0000000    6.2162531418e-13
 658.5000000    4.3892013658e-13
 659.0000000    2.2986505352e-13
 659.5000000    1.2790716270e-13
 660.0000000    2.9558206634e-13
 660.5000000    3.8594974676e-13
 661.0000000    2.5821009968e-13
 661.5000000    2.0526749871e-13
 662.0000000    3.2237699374e-13
 662.5000000    3.9818399407e-13
 663.0000000    1.2102029721e-13
 663.5000000    3.1697283434e-13
 664.0000000    1.0760923648e-13
 664.5000000    1.1086073253e-13
 665.0000000    3.7906278919e-13
 665.5000000    1.8343344871e-13
 666.0000000    6.7714647169e-13
 666.5000000    5.2975282542e-13
 667.0000000    3.1865466446e-13
 667.5000000    2.9589948048e-14
 668.0000000    4.7071275598e-13
 668.5000000    3.1641710870e-13
 669.0000000    3.3622931677e-13
 669.5000000    4.5855736935e-13
 670.0000000    2.8391330330e-13
 670.5000000    5.5512541597e-13
 671.0000000    1.1838993495e-13
 671.5000000    3.4875317178e-13
 672.0000000    4.5069777217e-13
 672.5000000    5.6921424844e-13
 673.0000000    1.7468623664e-13
 673.5000000    6.7696665934e-13
 674.0000000    3.7898303478e-13
 674.5000000    7.6369003082e-13
 675.0000000    3.9682922490e-13
 675.5000000    3.8764934772e-13
 676.0000000    5.2248353935e-13
 676.5000000    2.7126629153e-13
 677.0000000    4.0054954563e-13
 677.5000000    7.6698844662e-13
 678.0000000    3.4445507056e-13
 678.5000000    6.0377976820e-13
 679.0000000    8.2051605480e-13
 679.5000000    1.5852917278e-13
 680.0000000    4.9239129665e-13
 680.5000000    5.3873833881e-13
 681.0000000    4.6047880537e-14
 681.5000000    2.6923604152e-13
 682.0000000    2.7446893163e-13
 682.5000000    4.1902232046e-13
 683.0000000    7.4508126689e-13
 683.5000000    5.0633721132e-14
 684.0000000    4.3279914185e-13
 684.5000000    5.8428003390e-13
 685.0000000    5.0755871140e-13
 685.5000000    5.5850939610e-13
 686.0000000    5.6532042629e-13
 686.5000000    3.4772104766e-13
 687.0000000    3.8255393481e-13
 687.5000000    2.3596956333e-13
 688.0000000    1.2674996222e-13
 688.5000000    1.3905728690e-12
 689.0000000    1.8418450391e-13
 689.5000000    6.6991864581e-14
 690.0000000    3.0895425410e-13
 690.5000000    6.6004632306e-13
 691.0000000    2.6144657711e-13
 691.5000000    4.8106439417e-13
 692.0000000    3.3179637993e-13
 692.5000000    7.0048552816e-13
 693.0000000    7.9156732768e-13
 693.5000000    1.0689972446e-12
 694.0000000    5.7719208980e-13
 694.5000000    2.8622250812e-13
 695.0000000    4.7736782405e-13
 695.5000000    8.1532820698e-13
 696.0000000    1.2313240911e-12
 696.5000000    5.4519488217e-13
 697.0000000    6.7816412338e-13
 697.5000000    1.7855605495e-13
 698.0000000    5.2773422510e-13
 698.5000000    5.3405971764e-13
 699.0000000    3.3091741878e-13
 699.5000000    1.8645589682e-13
 700.0000000    1.1144478546e-12
 700.5000000    7.7895860950e-13
 701.0000000    5.6975701662e-13
 701.5000000    5.3438882782e-13
 702.0000000    1.1848273434e-12
 702.5000000    3.5897780163e-13
 703.0000000    5.7550319442e-13
 703.5000000    4.7735571244e-13
 704.0000000    9.2886293851e-13
 704.5000000    1.0239220878e-13
 705.0000000    6.8047738648e-13
 705.5000000    3.1720176883e-13
 706.0000000    5.6521846892e-13
 706.5000000    4.2811435057e-13
 707.0000000    9.3358153889e-13
 707.5000000    6.4057167626e-13
 708.0000000    5.2347928165e-13
 708.5000000    7.7692002940e-13
 709.0000000    3.4834687313e-13
 709.5000000    5.0569896002e-13
 710.0000000    7.9572606575e-13
 710.5000000    6.4682310397e-13
 711.0000000    6.8382397365e-13
 711.5000000    1.2190942885e-13
 712.0000000    6.9221325231e-13
 712.5000000    1.8034764806e-13
 713.0000000    7.3320082080e-14
 713.5000000    3.6098896007e-13
 714.0000000    1.3759943554e-12
 714.5000000    7.9091173107e-13
 715.0000000    9.4565759030e-13
 715.5000000    5.7272238382e-13
 716.0000000    3.3968691292e-13
 716.5000000    8.9997758932e-13
 717.0000000    5.3401171463e-13
 717.5000000    1.1103646045e-12
 718.0000000    9.6917895201e-13
 718.5000000    8.1277991209e-13
 719.0000000    1.1404022844e-12
 719.5000000    1.1400680627e-12
 720.0000000    7.4785086130e-13
 720.5000000    1.2668764836e-12
 721.0000000    7.0271784526e-13
 721.5000000    4.8908996232e-13
 722.0000000    6.0282269340e-13
 722.5000000    5.8734320685e-13
 723.0000000    2.9634898303e-13
 723.5000000    1.6096558572e-12
 724.0000000    1.5186613181e-12
 724.5000000    4.6025056704e-13
 725.0000000    2.3587727107e-13
 725.5000000    2.6280519396e-13
 726.0000000    1.0995450338e-12
 726.5000000    6.4517627831e-13
 727.0000000    8.2096788865e-13
 727.5000000    6.4663236608e-13
 728.0000000    9.4757250535e-13
 728.5000000    1.0766861494e-13
 729.0000000    1.9350304906e-13
 729.5000000    4.4229920860e-13
 730.0000000    7.1993893434e-13
 730.5000000    8.0847678169e-13
 731.0000000    1.8039745697e-12
 731.5000000    6.7654995956e-13
 732.0000000    6.6468006792e-13
 732.5000000    7.0127311050e-13
 733.0000000    1.0092804460e-12
 733.5000000    1.1937124030e-12
 734.0000000    1.6504664555e-12
 734.5000000    4.9112359390e-13
 735.0000000    6.3702064862e-13
 735.5000000    1.9093174033e-13
 736.0000000    1.2678437495e-12
 736.5000000    1.1314037405e-12
 737.0000000    1.2946899847e-13
 737.5000000    1.6567221792e-12
 738.0000000    9.7116945269e-13
 738.5000000    1.6618847745e-12
 739.0000000    3.5331944047e-13
 739.5000000    2.2078624363e-13
 740.0000000    1.0312516841e-13
 740.5000000    6.7761914589e-13
 741.0000000    3.6901344784e-13
 741.5000000    1.5064842272e-12
 742.0000000    2.0598649011e-12
 742.5000000    1.7273128390e-12
 743.0000000    1.6649233604e-12
 743.5000000    1.5676856574e-12
 744.0000000    1.4447345500e-12
 744.5000000    7.8509969208e-13
 745.0000000    4.3685235811e-13
 745.5000000    8.7581772424e-13
 746.0000000    1.1102015878e-12
 746.5000000    5.3933265615e-13
 747.0000000    1.2630334511e-12
 747.5000000    1.1507097360e-12
 748.0000000    8.9370283013e-14
 748.5000000    4.4611174902e-13
 749.0000000    8.2247728340e-13
 749.5000000    1.2266815219e-12
 750.0000000    7.2676782966e-13
 750.5000000    5.4362078802e-13
 751.0000000    2.0466152754e-12
 751.5000000    1.6857876949e-12
 752.0000000    1.6448894662e-12
 752.5000000    5.8684443445e-13
 753.0000000    4.7432247697e-13
 753.5000000    1.0142729814e-12
 754.0000000    7.4342235125e-13
 754.5000000    8.3391058222e-13
 755.0000000    1.5099962186e-12
 755.5000000    1.2629967831e-12
 756.0000000    9.3678556813e-13
 756.5000000    8.4158844944e-13
 757.0000000    1.7617210739e-12
 757.5000000    9.5914853734e-13
 758.0000000    6.0364499733e-13
 758.5000000    7.9365844687e-13
 759.0000000    1.0798802929e-12
 759.5000000    8.7942045214e-13
 760.0000000    8.0455253778e-13
 760.5000000    8.1560145501e-13
 761.0000000    8.9130662181e-13
 761.5000000    2.5223196743e-12
 762.0000000    8.9173068202e-14
 762.5000000    6.7709696807e-13
 763.0000000    1.3603623805e-12
 763.5000000    1.8176325489e-12
 764.0000000    4.5564859751e-13
 764.5000000    3.8499875727e-13
 765.0000000    8.7631798849e-13
 765.5000000    1.5474486423e-13
 766.0000000    1.5007982270e-12
 766.5000000    1.4310104844e-12
 767.0000000    7.5651775809e-13
 767.5000000    5.3035897432e-13
 768.0000000    9.8238885296e-13
 768.5000000    1.5914870033e-12
 769.0000000    1.4997983687e-12
 769.5000000    1.4134989654e-12
 770.0000000    3.0349682667e-13
 770.5000000    1.6755710980e-12
 771.0000000    8.8053803853e-13
 771.5000000    1.3071764406e-12
 772.0000000    1.2217344809e-12
 772.5000000    2.1822236229e-12
 773.0000000    8.4757745334e-13
 773.5000000    1.2866637324e-12
 774.0000000    1.4125285625e-12
 774.5000000    1.1153739721e-12
 775.0000000    7.6927590783e-13
 775.5000000    1.1292794711e-12
 776.0000000    1.6160014811e-12
 776.5000000    3.8708995366e-13
 777.0000000    5.6464145814e-13
 777.5000000    7.5922662606e-13
 778.0000000    1.9057838209e-12
 778.5000000    1.4208896841e-12
 779.0000000    6.0327411736e-13
 779.5000000    1.1645233893e-12
 780.0000000    2.2515676013e-12
 780.5000000    1.7154658788e-12
 781.0000000    8.6663638119e-14
 781.5000000    8.6294644216e-13
 782.0000000    1.2930934160e-12
 782.5000000    1.3916778059e-12
 783.0000000    1.6049607891e-12
 783.5000000    1.1245071828e-12
 784.0000000    9.8888405022e-13
 784.5000000    1.1224469222e-12
 785.0000000    1.2198444725e-12
 785.5000000    1.2464679145e-12
 786.0000000    2.8057705736e-12
 786.5000000    1.4230175531e-12
 787.0000000    1.2735108666e-12
 787.5000000    6.6121268876e-13
 788.0000000    8.9055547221e-13
 788.5000000    2.1437630423e-12
 789.0000000    2.2940790625e-13
 789.5000000    1.0845760066e-12
 790.0000000    7.6228173154e-13
 790.5000000    1.2606377981e-12
 791.0000000    1.3137523173e-12
 791.5000000    8.3509726416e-13
 792.0000000    5.8834129591e-13
 792.5000000    8.8481478287e-13
 793.0000000    6.0149878664e-13
 793.5000000    1.7084488083e-12
 794.0000000    1.1900121505e-12
 794.5000000    1.1812803105e-12
 795.0000000    5.5147265620e-13
 795.5000000    7.8148651665e-13
 796.0000000    1.3830807401e-12
 796.5000000    1.4482368554e-12
 797.0000000    5.7805368267e-13
 797.5000000    7.7827455400e-13
 798.0000000    7.7605453450e-13
 798.5000000    1.8634095401e-12
 799.0000000    1.9922532916e-12
 799.5000000    8.3959932944e-13
 800.0000000    2.3970105677e-12
 800.5000000    1.0423298221e-12
 801.0000000    1.3013865356e-12
 801.5000000    2.1035080475e-12
 802.0000000    2.4034129449e-12
 802.5000000    1.4197242806e-12
 803.0000000    1.2716498179e-12
 803.5000000    2.3380073985e-12
 804.0000000    1.3410126154e-12
 804.5000000    8.7785337659e-13
 805.0000000    1.7919011528e-12
 805.5000000    1.2075613616e-12
 806.0000000    2.0357637329e-13
 806.5000000    4.0968480122e-13
 807.0000000    1.6848542965e-12
 807.5000000    8.6603262719e-13
 808.0000000    9.7180261951e-13
 808.5000000    9.3185478337e-13
 809.0000000    1.8887787959e-12
 809.5000000    1.4138446069e-12
 810.0000000    2.4989833542e-12
 810.5000000    6.2996308930e-13
 811.0000000    4.0355604925e-13
 811.5000000    1.2172086819e-12
 812.0000000    9.3616826969e-13
 812.5000000    2.8147234075e-12
 813.0000000    2.4391667767e-12
 813.5000000    1.4994728860e-12
 814.0000000    5.7587206191e-13
 814.5000000    1.6740223251e-12
 815.0000000    8.4806886048e-13
 815.5000000    1.8819579095e-12
 816.0000000    6.0521245491e-13
 816.5000000    4.7468642896e-13
 817.0000000    1.9556781161e-12
 817.5000000    4.1472049793e-12
 818.0000000    1.4722146268e-12
 818.5000000    1.1273664121e-12
 819.0000000    1.6598471767e-12
 819.5000000    1.6649769750e-12
 820.0000000    2.6317008328e-12
 820.5000000    1.0808124312e-12
 821.0000000    2.4490817009e-12
 821.5000000    2.5377531658e-12
 822.0000000    4.2078883683e-12
 822.5000000    3.7105270525e-12
 823.0000000    3.0592880218e-12
 823.5000000    1.8270209258e-12
 824.0000000    2.9054082819e-12
 824.5000000    5.3936514276e-13
 825.0000000    3.2012609171e-13
 825.5000000    2.2739342433e-12
 826.0000000    2.1607817778e-12
 826.5000000    1.8609409221e-12
 827.0000000    2.5595191882e-12
 827.5000000    7.7910320103e-13
 828.0000000    1.2817343645e-12
 828.5000000    2.4885401725e-12
 829.0000000    1.7727544827e-12
 829.5000000    1.1638451511e-12
 830.0000000    1.1606581671e-12
 830.5000000    1.3586774716e-12
 831.0000000    3.2003713900e-12
 831.5000000    1.4195556656e-12
 832.0000000    3.2295185654e-12
 832.5000000    2.6411134498e-12
 833.0000000    2.6977415193e-13
 833.5000000    9.3117180331e-13
 834.0000000    2.4000324939e-12
 834.5000000    2.5345066444e-12
 835.0000000    2.3054752454e-12
 835.5000000    1.4456210176e-12
 836.0000000    1.5359053568e-12
 836.5000000    4.3024224622e-12
 837.0000000    3.4630104838e-12
 837.5000000    2.2640929900e-12
 838.0000000    2.1093343338e-12
 838.5000000    2.4285060993e-12
 839.0000000    8.2537219374e-13
 839.5000000    2.6745800767e-12
 840.0000000    1.8579242613e-12
 840.5000000    2.3687295888e-12
 841.0000000    1.0066369755e-12
 841.5000000    3.6658946158e-12
 842.0000000    2.7689610574e-12
 842.5000000    1.5840590830e-12
 843.0000000    4.5557781640e-13
 843.5000000    1.1642536115e-12
 844.0000000    4.1651521063e-12
 844.5000000    6.3004255243e-12
 845.0000000    9.5902709070e-13
 845.5000000    1.8912056179e-12
 846.0000000    3.2573177764e-12
 846.5000000    1.8991604987e-12
 847.0000000    1.2118897878e-12
 847.5000000    4.8271971023e-12
 848.0000000    3.5026812798e-12
 848.5000000    3.9144162675e-12
 849.0000000    2.1907991029e-12
 849.5000000    4.0661583508e-12
 850.0000000    5.0678835782e-12
 850.5000000    3.4348207214e-12
 851.0000000    2.4807329866e-12
 851.5000000    2.9395283443e-12
 852.0000000    1.8110539743e-12
 852.5000000    3.7581651382e-12
 853.0000000    8.6846933538e-13
 853.5000000    1.2746594676e-12
 854.0000000    1.0871221295e-12
 854.5000000    3.6531924414e-12
 855.0000000    2.4280941594e-12
 855.5000000    3.2852385676e-13
 856.0000000    1.6500881173e-12
 856.5000000    1.4878108194e-12
 857.0000000    2.6640088375e-12
 857.5000000    3.2213529309e-12
 858.0000000    2.6588157257e-12
 858.5000000    2.2542162139e-12
 859.0000000    2.5070954154e-12
 859.5000000    5.2600668664e-12
 860.0000000    5.9515407204e-13
 860.5000000    6.2650047223e-13
 861.0000000    3.4360386621e-12
 861.5000000    1.9304779962e-12
 862.0000000    4.2531524980e-12
 862.5000000    6.3155792742e-12
 863.0000000    2.6071360463e-12
 863.5000000    2.3122316903e-12
 864.0000000    1.5920113227e-12
 864.5000000    1.3691162046e-12
 865.0000000    2.2210459215e-12
 865.5000000    2.3945645281e-12
 866.0000000    4.2886849916e-12
 866.5000000    9.1982249688e-13
 867.0000000    4.0259463937e-12
 867.5000000    1.8047814360e-12
 868.0000000    3.4919748240e-12
 868.5000000    3.4229494340e-12
 869.0000000    1.3524747175e-12
 869.5000000    2.6404519291e-12
 870.0000000    3.0407359943e-12
 870.5000000    3.6919838119e-12
 871.0000000    6.3626971000e-12
 871.5000000    5.0053831216e-12
 872.0000000    2.0923556819e-12
 872.5000000    2.1715673805e-12
 873.0000000    3.6131432065e-12
 873.5000000    1.7027384114e-12
 874.0000000    4.4441890344e-12
 874.5000000    5.0697309986e-12
 875.0000000    3.2110202978e-12
 875.5000000    2.0302363535e-12
 876.0000000    4.0100285100e-12
 876.5000000    3.8739087343e-12
 877.0000000    5.0732910055e-12
 877.5000000    2.8372879399e-12
 878.0000000    5.1774493819e-12
 878.5000000    1.1462645075e-12
 879.0000000    6.9918300742e-12
 879.5000000    2.1176912473e-12
 880.0000000    3.4613540687e-12
 880.5000000    4.2184750208e-12
 881.0000000    2.6200018220e-12
 881.5000000    3.7532224106e-12
 882.0000000    5.5512389717e-12
 882.5000000    5.4749519657e-12
 883.0000000    2.9433699292e-12
 883.5000000    8.8396835933e-13
 884.0000000    4.3313289933e-12
 884.5000000    3.1030979819e-12
 885.0000000    4.7126365866e-12
 885.5000000    3.4458680355e-12
 886.0000000    5.1692627924e-12
 886.5000000    5.0693612163e-12
 887.0000000    3.7087266076e-12
 887.5000000    4.1525419176e-12
 888.0000000    2.2709242839e-12
 888.5000000    1.0042649243e-12
 889.0000000    8.9810806730e-12
 889.5000000    2.7317526772e-12
 890.0000000    2.9245991328e-12
 890.5000000    1.6399466947e-12
 891.0000000    5.3199659468e-12
 891.5000000    2.4908225706e-12
 892.0000000    3.2015748947e-12
 892.5000000    2.4446958428e-12
 893.0000000    1.2876275139e-12
 893.5000000    8.2020822679e-12
 894.0000000    3.0568117758e-12
 894.5000000    5.8072328297e-12
 895.0000000    1.4452313148e-12
 895.5000000    2.1539564925e-12
 896.0000000    1.1786059449e-12
 896.5000000    1.1447518624e-12
 897.0000000    2.2969552615e-12
 897.5000000    5.4322691178e-12
 898.0000000    2.2280864823e-12
 898.5000000    2.4487591606e-12
 899.0000000    1.4201090075e-12
 899.5000000    1.4005406034e-12
 900.0000000    5.7462073841e-12
 900.5000000    2.9459531546e-12
 901.0000000    1.8988600537e-12
 901.5000000    1.1447660315e-11
 902.0000000    8.1620014647e-12
 902.5000000    5.7391259501e-12
 903.0000000    3.1385726525e-12
 903.5000000    3.4250663849e-12
 904.0000000    7.6844093164e-12
 904.5000000    5.7851563554e-12
 905.0000000    2.7974807423e-12
 905.5000000    7.8801576985e-12
 906.0000000    4.5844712697e-12
 906.5000000    1.6975465766e-12
 907.0000000    1.6297118122e-12
 907.5000000    4.6439674147e-12
 908.0000000    1.0062190167e-11
 908.5000000    1.3871848410e-12
 909.0000000    2.3230468434e-12
 909.5000000    2.1825043051e-12
 910.0000000    1.4610869086e-12
 910.5000000    6.2271256539e-12
 911.0000000    3.5372535570e-12
 911.5000000    2.7703007023e-12
 912.0000000    5.1539675948e-12
 912.5000000    4.2565806979e-12
 913.0000000    1.9518848588e-12
 913.5000000    2.1391090266e-12
 914.0000000    4.8559599862e-12
 914.5000000    6.8411128210e-12
 915.0000000    5.1267738583e-13
 915.5000000    6.7593115261e-12
 916.0000000    6.3653702623e-12
 916.5000000    4.1205488695e-12
 917.0000000    4.5216336374e-12
 917.5000000    2.2737755999e-12
 918.0000000    9.1590111324e-13
 918.5000000    3.4589219047e-12
 919.0000000    2.8136191000e-12
 919.5000000    3.8774895853e-12
 920.0000000    8.9821349296e-12
 920.5000000    8.8340354657e-13
 921.0000000    5.8198445181e-12
 921.5000000    6.5600462153e-12
 922.0000000    5.1700627894e-12
 922.5000000    6.2869435129e-12
 923.0000000    3.6336007447e-12
 923.5000000    4.8916608068e-12
 924.0000000    7.2215227183e-12
 924.5000000    5.6833134592e-12
 925.0000000    8.8515857011e-12
 925.5000000    3.2886970528e-12
 926.0000000    4.8121502130e-12
 926.5000000    1.2121795765e-11
 927.0000000    1.0694272777e-12
 927.5000000    4.8316708424e-12
 928.0000000    8.5662613759e-12
 928.5000000    1.2685285823e-11
 929.0000000    1.3025784334e-11
 929.5000000    1.1993306348e-11
 930.0000000    2.4262522776e-12
 930.5000000    8.1751550330e-12
 931.0000000    8.9272252175e-12
 931.5000000    2.4259118593e-12
 932.0000000    6.0196711663e-12
 932.5000000    2.1248652593e-12
 933.0000000    6.1509828683e-12
 933.5000000    3.7999224229e-12
 934.0000000    4.1436060043e-12
 934.5000000    9.3337306409e-12
 935.0000000    1.5002326744e-11
 935.5000000    8.3764615741e-12
 936.0000000    9.2766183263e-12
 936.5000000    8.0407737685e-12
 937.0000000    1.2783696647e-11
 937.5000000    5.2660221600e-12
 938.0000000    4.2708980894e-12
 938.5000000    4.1212782774e-12
 939.0000000    2.4833139058e-12
 939.5000000    4.6690881668e-12
 940.0000000    5.5488312583e-12
 940.5000000    2.0180772499e-12
 941.0000000    1.1678933405e-11
 941.5000000    1.5448698654e-11
 942.0000000    9.1698958242e-12
 942.5000000    7.9985646036e-12
 943.0000000    4.6187424584e-12
 943.5000000    4.8988802101e-12
 944.0000000    1.2579183935e-11
 944.5000000    1.0319487551e-11
 945.0000000    1.8451904058e-11
 945.5000000    7.3880058308e-12
 946.0000000    1.5153144684e-11
 946.5000000    1.3478472330e-11
 947.0000000    8.1651772667e-12
 947.5000000    1.2754200382e-11
 948.0000000    7.3177964636e-12
 948.5000000    4.0496937073e-12
 949.0000000    1.4488196881e-11
 949.5000000    4.7841032077e-12
 950.0000000    1.0555175159e-11
 950.5000000    5.4228456077e-12
 951.0000000    1.3051677713e-11
 951.5000000    9.8450056261e-12
 952.0000000    8.4649801535e-12
 952.5000000    1.1477878026e-11
 953.0000000    4.8681464743e-12
 953.5000000    1.2784946581e-11
 954.0000000    7.5636905378e-12
 954.5000000    1.6909712146e-11
 955.0000000    1.1857191584e-11
 955.5000000    1.2258223808e-11
 956.0000000    1.3105844055e-11
 956.5000000    1.3652817695e-11
 957.0000000    9.2515730977e-12
 957.5000000    9.9439480057e-12
 958.0000000    5.9420665376e-12
 958.5000000    1.8456776887e-11
 959.0000000    2.0260314367e-11
 959.5000000    8.1214266105e-12
 960.0000000    7.5408815650e-12
 960.5000000    8.4663196404e-12
 961.0000000    9.0906493760e-12
 961.5000000    1.0032614367e-11
 962.0000000    9.3450287883e-12
 962.5000000    5.5151511834e-12
 963.0000000    1.4492914221e-11
 963.5000000    2.0238746771e-11
 964.0000000    6.2371390394e-12
 964.5000000    1.2962984404e-11
 965.0000000    7.9585976818e-12
 965.5000000    7.6106147787e-12
 966.0000000    1.9257415621e-11
 966.5000000    8.3293062670e-12
 967.0000000    1.2815746442e-11
 967.5000000    1.4989403138e-11
 968.0000000    1.1640742944e-11
 968.5000000    2.6852758728e-11
 969.0000000    1.1494729565e-11
 969.5000000    2.5161082280e-11
 970.0000000    2.8190657599e-11
 970.5000000    2.3654687862e-11
 971.0000000    1.9276099596e-11
 971.5000000    7.3002766009e-12
 972.0000000    4.1979720986e-12
 972.5000000    1.6901324415e-11
 973.0000000    2.3075372524e-11
 973.5000000    2.9702713264e-11
 974.0000000    1.0139578576e-11
 974.5000000    1.2383686082e-11
 975.0000000    1.4315689053e-11
 975.5000000    1.7546122605e-11
 976.0000000    2.2146472033e-11
 976.5000000    3.4744548305e-11
 977.0000000    2.9908793627e-11
 977.5000000    3.4860246969e-11
 978.0000000    1.3652520584e-11
 978.5000000    2.1184369283e-11
 979.0000000    6.5403502020e-12
 979.5000000    5.7399842003e-11
 980.0000000    7.4343522857e-12
 980.5000000    3.1831881572e-11
 981.0000000    5.0415245404e-11
 981.5000000    5.1500291813e-11
 982.0000000    5.4350252089e-11
 982.5000000    4.4121634467e-11
 983.0000000    2.3782451044e-11
 983.5000000    1.9222369158e-11
 984.0000000    2.9929786545e-11
 984.5000000    5.6841864939e-11
 985.0000000    2.7949295663e-11
 985.5000000    2.6608624063e-11
 986.0000000    2.9821887052e-11
 986.5000000    3.7519436387e-11
 987.0000000    5.6037470751e-11
 987.5000000    2.6475346560e-11
 988.0000000    5.8475021337e-11
 988.5000000    5.0426981533e-11
 989.0000000    1.9205679823e-11
 989.5000000    2.7622417978e-11
 990.0000000    2.0092143630e-11
 990.5000000    6.0497511296e-11
 991.0000000    4.4211625089e-11
 991.5000000    3.4281278726e-12
 992.0000000    5.6431141426e-11
 992.5000000    2.9116864829e-11
 993.0000000    2.8965645169e-11
 993.5000000    4.3806515763e-11
 994.0000000    4.5074884925e-11
 994.5000000    3.4177876780e-11
 995.0000000    5.9339645799e-11
 995.5000000    1.3798317407e-10
 996.0000000    1.1791913561e-10
 996.5000000    2.8146913572e-11
 997.0000000    3.1294042446e-11
 997.5000000    1.6386327981e-11
 998.0000000    4.5231354899e-11
 998.5000000    3.8523507660e-11
 999.0000000    5.6678559136e-11
 999.5000000    6.2026612963e-11
1000.0000000    8.9912045761e-11
1000.5000000    1.1079749998e-10
1001.0000000    1.0800107756e-10
1001.5000000    2.8070848045e-11
1002.0000000    1.0921351555e-10
1002.5000000    5.5345346112e-11
1003.0000000    6.3858226662e-11
1003.5000000    1.5065234363e-10
