#       time         max mod phi
   0.0000000    2.8206751243e-02
   0.5000000    2.8207428449e-02
   1.0000000    2.8207712831e-02
   1.5000000    2.8207647083e-02
   2.0000000    2.8207204589e-02
   2.5000000    2.8207204421e-02
   3.0000000    2.8207600369e-02
   3.5000000    2.8207627822e-02
   4.0000000    2.8203864054e-02
   4.5000000    2.8204728430e-02
   5.0000000    2.8206422540e-02
   5.5000000    2.8206502602e-02
   6.0000000    2.8207014714e-02
   6.5000000    2.8207936566e-02
   7.0000000    2.8208782638e-02
   7.5000000    2.8210211177e-02
   8.0000000    2.8210160928e-02
   8.5000000    2.8209851394e-02
   9.0000000    2.8208158361e-02
   9.5000000    2.8207953393e-02
  10.0000000    2.8208319873e-02
  10.5000000    2.8208768186e-02
  11.0000000    2.8208969206e-02
  11.5000000    2.8208441291e-02
  12.0000000    2.8208780826e-02
  12.5000000    2.8209084413e-02
  13.0000000    2.8209377741e-02
  13.5000000    2.8209524780e-02
  14.0000000    2.8210175184e-02
  14.5000000    2.8210472511e-02
  15.0000000    2.8210681330e-02
  15.5000000    2.8210448152e-02
  16.0000000    2.8210282248e-02
  16.5000000    2.8210724846e-02
  17.0000000    2.8211291275e-02
  17.5000000    2.8211572775e-02
  18.0000000    2.8211087745e-02
  18.5000000    2.8210620572e-02
  19.0000000    2.8211049335e-02
  19.5000000    2.8211418242e-02
  20.0000000    2.8211035178e-02
  20.5000000    2.8210926152e-02
  21.0000000    2.8211239356e-02
  21.5000000    2.8211820990e-02
  22.0000000    2.8211580592e-02
  22.5000000    2.8211366897e-02
  23.0000000    2.8210621202e-02
  23.5000000    2.8211841199e-02
  24.0000000    2.8212101375e-02
  24.5000000    2.8212209840e-02
  25.0000000    2.8211703051e-02
  25.5000000    2.8211503650e-02
  26.0000000    2.8212066943e-02
  26.5000000    2.8212331186e-02
  27.0000000    2.8212340516e-02
  27.5000000    2.8212073809e-02
  28.0000000    2.8212730854e-02
  28.5000000    2.8212788422e-02
  29.0000000    2.8212740381e-02
  29.5000000    2.8212407638e-02
  30.0000000    2.8212539644e-02
  30.5000000    2.8213350508e-02
  31.0000000    2.8213568185e-02
  31.5000000    2.8213321594e-02
  32.0000000    2.8212442448e-02
  32.5000000    2.8213115030e-02
  33.0000000    2.8213572281e-02
  33.5000000    2.8213668618e-02
  34.0000000    2.8213438513e-02
  34.5000000    2.8213374407e-02
  35.0000000    2.8213660009e-02
  35.5000000    2.8213656316e-02
  36.0000000    2.8213400003e-02
  36.5000000    2.8213050827e-02
  37.0000000    2.8213752631e-02
  37.5000000    2.8214179684e-02
  38.0000000    2.8213897588e-02
  38.5000000    2.8213577125e-02
  39.0000000    2.8213289389e-02
  39.5000000    2.8213789024e-02
  40.0000000    2.8214059377e-02
  40.5000000    2.8214011006e-02
  41.0000000    2.8213617245e-02
  41.5000000    2.8213923001e-02
  42.0000000    2.8214108318e-02
  42.5000000    2.8214089812e-02
  43.0000000    2.8213847709e-02
  43.5000000    2.8213700585e-02
  44.0000000    2.8214350270e-02
  44.5000000    2.8214553163e-02
  45.0000000    2.8214270984e-02
  45.5000000    2.8213583466e-02
  46.0000000    2.8213769722e-02
  46.5000000    2.8214294403e-02
  47.0000000    2.8214573276e-02
  47.5000000    2.8214261272e-02
  48.0000000    2.8213748609e-02
  48.5000000    2.8214352750e-02
  49.0000000    2.8214484404e-02
  49.5000000    2.8214470044e-02
  50.0000000    2.8214143401e-02
  50.5000000    2.8214357108e-02
  51.0000000    2.8214855532e-02
  51.5000000    2.8214922135e-02
  52.0000000    2.8214595381e-02
  52.5000000    2.8213961180e-02
  53.0000000    2.8214638610e-02
  53.5000000    2.8215087837e-02
  54.0000000    2.8215087891e-02
  54.5000000    2.8214664178e-02
  55.0000000    2.8214408791e-02
  55.5000000    2.8214828012e-02
  56.0000000    2.8214959205e-02
  56.5000000    2.8214804071e-02
  57.0000000    2.8214316073e-02
  57.5000000    2.8214778770e-02
  58.0000000    2.8215066209e-02
  58.5000000    2.8214987818e-02
  59.0000000    2.8214541376e-02
  59.5000000    2.8214234880e-02
  60.0000000    2.8214894044e-02
  60.5000000    2.8215164955e-02
  61.0000000    2.8214950846e-02
  61.5000000    2.8214348162e-02
  62.0000000    2.8214529468e-02
  62.5000000    2.8214924545e-02
  63.0000000    2.8214996410e-02
  63.5000000    2.8214753263e-02
  64.0000000    2.8214298576e-02
  64.5000000    2.8214885819e-02
  65.0000000    2.8215118053e-02
  65.5000000    2.8214966453e-02
  66.0000000    2.8214442723e-02
  66.5000000    2.8214402421e-02
  67.0000000    2.8214960734e-02
  67.5000000    2.8215137579e-02
  68.0000000    2.8214921116e-02
  68.5000000    2.8214326389e-02
  69.0000000    2.8214738441e-02
  69.5000000    2.8215121275e-02
  70.0000000    2.8215184953e-02
  70.5000000    2.8214911222e-02
  71.0000000    2.8214502369e-02
  71.5000000    2.8215089720e-02
  72.0000000    2.8215326253e-02
  72.5000000    2.8215217751e-02
  73.0000000    2.8214798786e-02
  73.5000000    2.8214891429e-02
  74.0000000    2.8215425325e-02
  74.5000000    2.8215557712e-02
  75.0000000    2.8215295821e-02
  75.5000000    2.8214687852e-02
  76.0000000    2.8215077202e-02
  76.5000000    2.8215451936e-02
  77.0000000    2.8215470486e-02
  77.5000000    2.8215131459e-02
  78.0000000    2.8214620255e-02
  78.5000000    2.8215234728e-02
  79.0000000    2.8215510393e-02
  79.5000000    2.8215445277e-02
  80.0000000    2.8215022496e-02
  80.5000000    2.8214857217e-02
  81.0000000    2.8215367291e-02
  81.5000000    2.8215482928e-02
  82.0000000    2.8215321476e-02
  82.5000000    2.8214861769e-02
  83.0000000    2.8214986972e-02
  83.5000000    2.8215471701e-02
  84.0000000    2.8215598347e-02
  84.5000000    2.8215369169e-02
  85.0000000    2.8214844473e-02
  85.5000000    2.8215193181e-02
  86.0000000    2.8215635952e-02
  86.5000000    2.8215757843e-02
  87.0000000    2.8215536588e-02
  87.5000000    2.8214943320e-02
  88.0000000    2.8215436964e-02
  88.5000000    2.8215822401e-02
  89.0000000    2.8215880230e-02
  89.5000000    2.8215617580e-02
  90.0000000    2.8215029920e-02
  90.5000000    2.8215657789e-02
  91.0000000    2.8215920076e-02
  91.5000000    2.8215857403e-02
  92.0000000    2.8215553891e-02
  92.5000000    2.8215123078e-02
  93.0000000    2.8215824284e-02
  93.5000000    2.8216133283e-02
  94.0000000    2.8216136661e-02
  94.5000000    2.8215812479e-02
  95.0000000    2.8215360054e-02
  95.5000000    2.8215997519e-02
  96.0000000    2.8216344196e-02
  96.5000000    2.8216405667e-02
  97.0000000    2.8216097796e-02
  97.5000000    2.8215530740e-02
  98.0000000    2.8216036241e-02
  98.5000000    2.8216319651e-02
  99.0000000    2.8216360575e-02
  99.5000000    2.8216080065e-02
 100.0000000    2.8215486853e-02
 100.5000000    2.8216067494e-02
 101.0000000    2.8216341954e-02
 101.5000000    2.8216267410e-02
 102.0000000    2.8215941415e-02
 102.5000000    2.8215452471e-02
 103.0000000    2.8216062495e-02
 103.5000000    2.8216437668e-02
 104.0000000    2.8216432914e-02
 104.5000000    2.8216117428e-02
 105.0000000    2.8215576164e-02
 105.5000000    2.8215855261e-02
 106.0000000    2.8216239052e-02
 106.5000000    2.8216380621e-02
 107.0000000    2.8216241440e-02
 107.5000000    2.8215788648e-02
 108.0000000    2.8215710852e-02
 108.5000000    2.8216185452e-02
 109.0000000    2.8216468695e-02
 109.5000000    2.8216500417e-02
 110.0000000    2.8216198895e-02
 110.5000000    2.8215805145e-02
 111.0000000    2.8216275106e-02
 111.5000000    2.8216458454e-02
 112.0000000    2.8216423374e-02
 112.5000000    2.8216185932e-02
 113.0000000    2.8215765606e-02
 113.5000000    2.8216203645e-02
 114.0000000    2.8216625043e-02
 114.5000000    2.8216686285e-02
 115.0000000    2.8216500239e-02
 115.5000000    2.8216162351e-02
 116.0000000    2.8216104156e-02
 116.5000000    2.8216702889e-02
 117.0000000    2.8216943425e-02
 117.5000000    2.8216832023e-02
 118.0000000    2.8216448844e-02
 118.5000000    2.8215878092e-02
 119.0000000    2.8216282977e-02
 119.5000000    2.8216726879e-02
 120.0000000    2.8216880513e-02
 120.5000000    2.8216739124e-02
 121.0000000    2.8216297027e-02
 121.5000000    2.8215886995e-02
 122.0000000    2.8216391027e-02
 122.5000000    2.8216731606e-02
 123.0000000    2.8216880805e-02
 123.5000000    2.8216753834e-02
 124.0000000    2.8216360933e-02
 124.5000000    2.8216255751e-02
 125.0000000    2.8216590878e-02
 125.5000000    2.8216802995e-02
 126.0000000    2.8216885396e-02
 126.5000000    2.8216757933e-02
 127.0000000    2.8216350477e-02
 127.5000000    2.8216461244e-02
 128.0000000    2.8216758090e-02
 128.5000000    2.8216871855e-02
 129.0000000    2.8216870279e-02
 129.5000000    2.8216739309e-02
 130.0000000    2.8216389085e-02
 130.5000000    2.8216641395e-02
 131.0000000    2.8216902927e-02
 131.5000000    2.8216948174e-02
 132.0000000    2.8216901093e-02
 132.5000000    2.8216732494e-02
 133.0000000    2.8216392750e-02
 133.5000000    2.8216670312e-02
 134.0000000    2.8217092101e-02
 134.5000000    2.8217222866e-02
 135.0000000    2.8217138936e-02
 135.5000000    2.8216865454e-02
 136.0000000    2.8216478785e-02
 136.5000000    2.8216540870e-02
 137.0000000    2.8217012487e-02
 137.5000000    2.8217195196e-02
 138.0000000    2.8217111110e-02
 138.5000000    2.8216832172e-02
 139.0000000    2.8216447562e-02
 139.5000000    2.8216164513e-02
 140.0000000    2.8216732827e-02
 140.5000000    2.8217047634e-02
 141.0000000    2.8217088297e-02
 141.5000000    2.8216911423e-02
 142.0000000    2.8216596985e-02
 142.5000000    2.8216180212e-02
 143.0000000    2.8216413258e-02
 143.5000000    2.8216933751e-02
 144.0000000    2.8217173031e-02
 144.5000000    2.8217135617e-02
 145.0000000    2.8216887599e-02
 145.5000000    2.8216511050e-02
 146.0000000    2.8216070572e-02
 146.5000000    2.8216553365e-02
 147.0000000    2.8216999328e-02
 147.5000000    2.8217160106e-02
 148.0000000    2.8217047611e-02
 148.5000000    2.8216774630e-02
 149.0000000    2.8216443378e-02
 149.5000000    2.8216037915e-02
 150.0000000    2.8216574627e-02
 150.5000000    2.8216972467e-02
 151.0000000    2.8217128894e-02
 151.5000000    2.8217078216e-02
 152.0000000    2.8216884770e-02
 152.5000000    2.8216613087e-02
 153.0000000    2.8216307116e-02
 153.5000000    2.8216691859e-02
 154.0000000    2.8217087510e-02
 154.5000000    2.8217248525e-02
 155.0000000    2.8217175840e-02
 155.5000000    2.8216980589e-02
 156.0000000    2.8216737671e-02
 156.5000000    2.8216468540e-02
 157.0000000    2.8216415695e-02
 157.5000000    2.8216839640e-02
 158.0000000    2.8217002593e-02
 158.5000000    2.8216948729e-02
 159.0000000    2.8216800178e-02
 159.5000000    2.8216650165e-02
 160.0000000    2.8216509369e-02
 160.5000000    2.8216275458e-02
 161.0000000    2.8216319843e-02
 161.5000000    2.8216598549e-02
 162.0000000    2.8216687141e-02
 162.5000000    2.8216755007e-02
 163.0000000    2.8216789555e-02
 163.5000000    2.8216778181e-02
 164.0000000    2.8216654625e-02
 164.5000000    2.8216337340e-02
 165.0000000    2.8216045743e-02
 165.5000000    2.8216232249e-02
 166.0000000    2.8216401904e-02
 166.5000000    2.8216590466e-02
 167.0000000    2.8216746750e-02
 167.5000000    2.8216750941e-02
 168.0000000    2.8216520429e-02
 168.5000000    2.8216145306e-02
 169.0000000    2.8215701908e-02
 169.5000000    2.8215718216e-02
 170.0000000    2.8216149882e-02
 170.5000000    2.8216525348e-02
 171.0000000    2.8216743902e-02
 171.5000000    2.8216750118e-02
 172.0000000    2.8216565577e-02
 172.5000000    2.8216306707e-02
 173.0000000    2.8216086224e-02
 173.5000000    2.8215902291e-02
 174.0000000    2.8215729764e-02
 174.5000000    2.8216092592e-02
 175.0000000    2.8216261594e-02
 175.5000000    2.8216308724e-02
 176.0000000    2.8216332558e-02
 176.5000000    2.8216358480e-02
 177.0000000    2.8216389834e-02
 177.5000000    2.8216326887e-02
 178.0000000    2.8216154967e-02
 178.5000000    2.8215854920e-02
 179.0000000    2.8215445307e-02
 179.5000000    2.8215583630e-02
 180.0000000    2.8215915617e-02
 180.5000000    2.8216256014e-02
 181.0000000    2.8216510669e-02
 181.5000000    2.8216593610e-02
 182.0000000    2.8216540793e-02
 182.5000000    2.8216398439e-02
 183.0000000    2.8216269172e-02
 183.5000000    2.8216233329e-02
 184.0000000    2.8216190225e-02
 184.5000000    2.8216054057e-02
 185.0000000    2.8215793207e-02
 185.5000000    2.8215957488e-02
 186.0000000    2.8216060152e-02
 186.5000000    2.8216214229e-02
 187.0000000    2.8216451814e-02
 187.5000000    2.8216715427e-02
 188.0000000    2.8216884124e-02
 188.5000000    2.8216893562e-02
 189.0000000    2.8216763236e-02
 189.5000000    2.8216626621e-02
 190.0000000    2.8216581829e-02
 190.5000000    2.8216569674e-02
 191.0000000    2.8216515814e-02
 191.5000000    2.8216350085e-02
 192.0000000    2.8216060418e-02
 192.5000000    2.8216157977e-02
 193.0000000    2.8216264462e-02
 193.5000000    2.8216463226e-02
 194.0000000    2.8216670913e-02
 194.5000000    2.8216842568e-02
 195.0000000    2.8216939900e-02
 195.5000000    2.8216914188e-02
 196.0000000    2.8216842256e-02
 196.5000000    2.8216819862e-02
 197.0000000    2.8216880078e-02
 197.5000000    2.8216947996e-02
 198.0000000    2.8216990742e-02
 198.5000000    2.8216972276e-02
 199.0000000    2.8216809651e-02
 199.5000000    2.8216588306e-02
 200.0000000    2.8216424577e-02
 200.5000000    2.8216351819e-02
 201.0000000    2.8216338158e-02
 201.5000000    2.8216302100e-02
 202.0000000    2.8216235175e-02
 202.5000000    2.8216233988e-02
 203.0000000    2.8216215751e-02
 203.5000000    2.8216277097e-02
 204.0000000    2.8216415674e-02
 204.5000000    2.8216583923e-02
 205.0000000    2.8216720437e-02
 205.5000000    2.8216777661e-02
 206.0000000    2.8216738161e-02
 206.5000000    2.8216728030e-02
 207.0000000    2.8216826022e-02
 207.5000000    2.8216973692e-02
 208.0000000    2.8217098161e-02
 208.5000000    2.8217146716e-02
 209.0000000    2.8217121648e-02
 209.5000000    2.8217057073e-02
 210.0000000    2.8217023103e-02
 210.5000000    2.8217035832e-02
 211.0000000    2.8217130606e-02
 211.5000000    2.8217245995e-02
 212.0000000    2.8217297750e-02
 212.5000000    2.8217304791e-02
 213.0000000    2.8217293252e-02
 213.5000000    2.8217352631e-02
 214.0000000    2.8217478735e-02
 214.5000000    2.8217671323e-02
 215.0000000    2.8217886020e-02
 215.5000000    2.8218060274e-02
 216.0000000    2.8218140951e-02
 216.5000000    2.8218201054e-02
 217.0000000    2.8218339109e-02
 217.5000000    2.8218598264e-02
 218.0000000    2.8218904409e-02
 218.5000000    2.8219168363e-02
 219.0000000    2.8219381880e-02
 219.5000000    2.8219531716e-02
 220.0000000    2.8219700896e-02
 220.5000000    2.8219941871e-02
 221.0000000    2.8220279588e-02
 221.5000000    2.8220651498e-02
 222.0000000    2.8220965905e-02
 222.5000000    2.8221211367e-02
 223.0000000    2.8221436685e-02
 223.5000000    2.8221725653e-02
 224.0000000    2.8222097916e-02
 224.5000000    2.8222512350e-02
 225.0000000    2.8222925436e-02
 225.5000000    2.8223326293e-02
 226.0000000    2.8223662611e-02
 226.5000000    2.8224250432e-02
 227.0000000    2.8224869660e-02
 227.5000000    2.8225547170e-02
 228.0000000    2.8226335922e-02
 228.5000000    2.8227152967e-02
 229.0000000    2.8227909727e-02
 229.5000000    2.8228586228e-02
 230.0000000    2.8229280086e-02
 230.5000000    2.8229974728e-02
 231.0000000    2.8230720528e-02
 231.5000000    2.8231541287e-02
 232.0000000    2.8232382197e-02
 232.5000000    2.8233158229e-02
 233.0000000    2.8233846588e-02
 233.5000000    2.8234492712e-02
 234.0000000    2.8235134135e-02
 234.5000000    2.8235799285e-02
 235.0000000    2.8236978183e-02
 235.5000000    2.8238250790e-02
 236.0000000    2.8239501777e-02
 236.5000000    2.8240681714e-02
 237.0000000    2.8241763012e-02
 237.5000000    2.8242852756e-02
 238.0000000    2.8243966205e-02
 238.5000000    2.8245020546e-02
 239.0000000    2.8246016295e-02
 239.5000000    2.8246963958e-02
 240.0000000    2.8247894280e-02
 240.5000000    2.8249080583e-02
 241.0000000    2.8250593840e-02
 241.5000000    2.8252093887e-02
 242.0000000    2.8253593028e-02
 242.5000000    2.8255011958e-02
 243.0000000    2.8256329594e-02
 243.5000000    2.8257573304e-02
 244.0000000    2.8258730454e-02
 244.5000000    2.8259797043e-02
 245.0000000    2.8261103854e-02
 245.5000000    2.8262895471e-02
 246.0000000    2.8264574279e-02
 246.5000000    2.8266093013e-02
 247.0000000    2.8267501120e-02
 247.5000000    2.8268839149e-02
 248.0000000    2.8270041482e-02
 248.5000000    2.8271079426e-02
 249.0000000    2.8272551583e-02
 249.5000000    2.8274309869e-02
 250.0000000    2.8275875079e-02
 250.5000000    2.8277237359e-02
 251.0000000    2.8278444348e-02
 251.5000000    2.8279473952e-02
 252.0000000    2.8280302942e-02
 252.5000000    2.8281603442e-02
 253.0000000    2.8283052177e-02
 253.5000000    2.8284227007e-02
 254.0000000    2.8285149658e-02
 254.5000000    2.8285804836e-02
 255.0000000    2.8286205845e-02
 255.5000000    2.8286639911e-02
 256.0000000    2.8287578140e-02
 256.5000000    2.8288206713e-02
 257.0000000    2.8288504043e-02
 257.5000000    2.8288436980e-02
 258.0000000    2.8287966217e-02
 258.5000000    2.8287534184e-02
 259.0000000    2.8287480254e-02
 259.5000000    2.8286978035e-02
 260.0000000    2.8285973289e-02
 260.5000000    2.8284441571e-02
 261.0000000    2.8282320689e-02
 261.5000000    2.8280447755e-02
 262.0000000    2.8278430240e-02
 262.5000000    2.8275827950e-02
 263.0000000    2.8272540149e-02
 263.5000000    2.8268536800e-02
 264.0000000    2.8264009540e-02
 264.5000000    2.8259802634e-02
 265.0000000    2.8254736716e-02
 265.5000000    2.8248778816e-02
 266.0000000    2.8241910287e-02
 266.5000000    2.8234086006e-02
 267.0000000    2.8226126746e-02
 267.5000000    2.8217499065e-02
 268.0000000    2.8207741400e-02
 268.5000000    2.8196769727e-02
 269.0000000    2.8184501690e-02
 269.5000000    2.8170990728e-02
 270.0000000    2.8157297143e-02
 270.5000000    2.8142152013e-02
 271.0000000    2.8125420138e-02
 271.5000000    2.8107105033e-02
 272.0000000    2.8087034972e-02
 272.5000000    2.8065298312e-02
 273.0000000    2.8042655846e-02
 273.5000000    2.8018062163e-02
 274.0000000    2.7991399052e-02
 274.5000000    2.7962512356e-02
 275.0000000    2.7931295183e-02
 275.5000000    2.7897597199e-02
 276.0000000    2.7861569726e-02
 276.5000000    2.7823545367e-02
 277.0000000    2.7782687568e-02
 277.5000000    2.7738889742e-02
 278.0000000    2.7691975011e-02
 278.5000000    2.7641776555e-02
 279.0000000    2.7588105162e-02
 279.5000000    2.7530841332e-02
 280.0000000    2.7469849804e-02
 280.5000000    2.7404964152e-02
 281.0000000    2.7335996558e-02
 281.5000000    2.7262777338e-02
 282.0000000    2.7185160232e-02
 282.5000000    2.7102855463e-02
 283.0000000    2.7015636246e-02
 283.5000000    2.6923444360e-02
 284.0000000    2.6826103349e-02
 284.5000000    2.6723350875e-02
 285.0000000    2.6614895739e-02
 285.5000000    2.6500524073e-02
 286.0000000    2.6380018670e-02
 286.5000000    2.6253101282e-02
 287.0000000    2.6119593803e-02
 287.5000000    2.5979294295e-02
 288.0000000    2.5833363003e-02
 288.5000000    2.5726884070e-02
 289.0000000    2.6388514745e-02
 289.5000000    2.7066411789e-02
 290.0000000    2.7760859120e-02
 290.5000000    2.8472136535e-02
 291.0000000    2.9200500037e-02
 291.5000000    2.9946168637e-02
 292.0000000    3.0709344613e-02
 292.5000000    3.1490271784e-02
 293.0000000    3.2289278133e-02
 293.5000000    3.3106669182e-02
 294.0000000    3.3942724326e-02
 294.5000000    3.4797597865e-02
 295.0000000    3.5671430820e-02
 295.5000000    3.6564442725e-02
 296.0000000    3.7476882849e-02
 296.5000000    3.8409084020e-02
 297.0000000    3.9361417774e-02
 297.5000000    4.0334164560e-02
 298.0000000    4.1327534765e-02
 298.5000000    4.2341875099e-02
 299.0000000    4.3377473897e-02
 299.5000000    4.4434743834e-02
 300.0000000    4.5514274417e-02
 300.5000000    4.6616680078e-02
 301.0000000    4.7742726147e-02
 301.5000000    4.8893116152e-02
 302.0000000    5.0068597266e-02
 302.5000000    5.1270003061e-02
 303.0000000    5.2498500395e-02
 303.5000000    5.3755562000e-02
 304.0000000    5.5042788053e-02
 304.5000000    5.6362060400e-02
 305.0000000    5.7715337687e-02
 305.5000000    5.9104798186e-02
 306.0000000    6.0532861035e-02
 306.5000000    6.2002375489e-02
 307.0000000    6.3516609806e-02
 307.5000000    6.5079324952e-02
 308.0000000    6.6694592536e-02
 308.5000000    6.8367117694e-02
 309.0000000    7.0101725400e-02
 309.5000000    7.1903654328e-02
 310.0000000    7.3778847146e-02
 310.5000000    7.5733718539e-02
 311.0000000    7.7775385571e-02
 311.5000000    7.9911691918e-02
 312.0000000    8.2151104774e-02
 312.5000000    8.4502679406e-02
 313.0000000    8.6976040238e-02
 313.5000000    8.9581481017e-02
 314.0000000    9.2330087605e-02
 314.5000000    9.5233853036e-02
 315.0000000    9.8305907972e-02
 315.5000000    1.0156030848e-01
 316.0000000    1.0501221432e-01
 316.5000000    1.0867783939e-01
 317.0000000    1.1257457339e-01
 317.5000000    1.1672097536e-01
 318.0000000    1.2113697204e-01
 318.5000000    1.2584397413e-01
 319.0000000    1.3086479218e-01
 319.5000000    1.3622347350e-01
 320.0000000    1.4194476582e-01
 320.5000000    1.4805315983e-01
 321.0000000    1.5457122311e-01
 321.5000000    1.6151697192e-01
 322.0000000    1.6889982242e-01
 322.5000000    1.7671443699e-01
 323.0000000    1.8493183720e-01
 323.5000000    1.9348723873e-01
 324.0000000    2.0226454369e-01
 324.5000000    2.1107839751e-01
 325.0000000    2.1965569664e-01
 325.5000000    2.2761741066e-01
 326.0000000    2.3445393947e-01
 326.5000000    2.3947157093e-01
 327.0000000    2.4168809835e-01
 327.5000000    2.3973850159e-01
 328.0000000    2.3202959213e-01
 328.5000000    2.1739952536e-01
 329.0000000    1.9605016728e-01
 329.5000000    1.6993868465e-01
 330.0000000    1.4213078219e-01
 330.5000000    1.1561019640e-01
 331.0000000    9.2404075083e-02
 331.5000000    7.3377377875e-02
 332.0000000    5.8491979532e-02
 332.5000000    4.7190879078e-02
 333.0000000    3.8710416103e-02
 333.5000000    3.2281423068e-02
 334.0000000    2.8755878782e-02
 334.5000000    2.8592286537e-02
 335.0000000    2.8425498660e-02
 335.5000000    2.8257431674e-02
 336.0000000    2.8090578655e-02
 336.5000000    2.7929845518e-02
 337.0000000    2.7774227193e-02
 337.5000000    2.7627343963e-02
 338.0000000    2.7787349436e-02
 338.5000000    2.8361814954e-02
 339.0000000    2.8995240339e-02
 339.5000000    2.9676221321e-02
 340.0000000    3.0362587401e-02
 340.5000000    3.1077129120e-02
 341.0000000    3.1779083193e-02
 341.5000000    3.2501131504e-02
 342.0000000    3.3207275263e-02
 342.5000000    3.3891133031e-02
 343.0000000    3.4549433649e-02
 343.5000000    3.5180883450e-02
 344.0000000    3.5810495009e-02
 344.5000000    3.6393569182e-02
 345.0000000    3.6925939448e-02
 345.5000000    3.7407418010e-02
 346.0000000    3.7841094529e-02
 346.5000000    3.8231370150e-02
 347.0000000    3.8581774015e-02
 347.5000000    3.8893667777e-02
 348.0000000    3.9166304090e-02
 348.5000000    3.9398010710e-02
 349.0000000    3.9587830726e-02
 349.5000000    3.9736696490e-02
 350.0000000    3.9847547879e-02
 350.5000000    3.9924424241e-02
 351.0000000    3.9971073160e-02
 351.5000000    3.9989848777e-02
 352.0000000    3.9981441305e-02
 352.5000000    3.9945426829e-02
 353.0000000    3.9881308299e-02
 353.5000000    3.9789512408e-02
 354.0000000    3.9671737965e-02
 354.5000000    3.9530529241e-02
 355.0000000    3.9368405006e-02
 355.5000000    3.9187025484e-02
 356.0000000    3.8986857653e-02
 356.5000000    3.8767500918e-02
 357.0000000    3.8528440049e-02
 357.5000000    3.8269760925e-02
 358.0000000    3.7992460435e-02
 358.5000000    3.7698243448e-02
 359.0000000    3.7388903182e-02
 359.5000000    3.7065708520e-02
 360.0000000    3.6729165357e-02
 360.5000000    3.6379229310e-02
 361.0000000    3.6015823436e-02
 361.5000000    3.5639343845e-02
 362.0000000    3.5250850640e-02
 362.5000000    3.4851877979e-02
 363.0000000    3.4444056922e-02
 363.5000000    3.4028554833e-02
 364.0000000    3.3605952756e-02
 364.5000000    3.3176500361e-02
 365.0000000    3.2740436201e-02
 365.5000000    3.2298346059e-02
 366.0000000    3.1851266163e-02
 366.5000000    3.1400527125e-02
 367.0000000    3.0947411604e-02
 367.5000000    3.0492820003e-02
 368.0000000    3.0037192200e-02
 368.5000000    2.9580687918e-02
 369.0000000    2.9123498493e-02
 369.5000000    2.8666106099e-02
 370.0000000    2.8209335319e-02
 370.5000000    2.7754163971e-02
 371.0000000    2.7301413783e-02
 371.5000000    2.6851521403e-02
 372.0000000    2.6404532858e-02
 372.5000000    2.5960327598e-02
 373.0000000    2.5518937696e-02
 373.5000000    2.5080724474e-02
 374.0000000    2.4646300306e-02
 374.5000000    2.4216294684e-02
 375.0000000    2.3791081849e-02
 375.5000000    2.3370681700e-02
 376.0000000    2.2954850853e-02
 376.5000000    2.2543352225e-02
 377.0000000    2.2136230848e-02
 377.5000000    2.1733859953e-02
 378.0000000    2.1336732996e-02
 378.5000000    2.0945182011e-02
 379.0000000    2.0559203173e-02
 379.5000000    2.0178517036e-02
 380.0000000    1.9802819088e-02
 380.5000000    1.9432024776e-02
 381.0000000    1.9066349876e-02
 381.5000000    1.8706182806e-02
 382.0000000    1.8351827990e-02
 382.5000000    1.8003310790e-02
 383.0000000    1.7660385013e-02
 383.5000000    1.7322717106e-02
 384.0000000    1.6990135255e-02
 384.5000000    1.6662759846e-02
 385.0000000    1.6340899297e-02
 385.5000000    1.6024825412e-02
 386.0000000    1.5714568385e-02
 386.5000000    1.5409899389e-02
 387.0000000    1.5110503453e-02
 387.5000000    1.4816189355e-02
 388.0000000    1.4527011254e-02
 388.5000000    1.4243208755e-02
 389.0000000    1.3964990136e-02
 389.5000000    1.3692363074e-02
 390.0000000    1.3425120571e-02
 390.5000000    1.3162958620e-02
 391.0000000    1.2905658437e-02
 391.5000000    1.2653215808e-02
 392.0000000    1.2405810123e-02
 392.5000000    1.2163621163e-02
 393.0000000    1.1926649044e-02
 393.5000000    1.1694687212e-02
 394.0000000    1.1467440574e-02
 394.5000000    1.1244705190e-02
 395.0000000    1.1026472898e-02
 395.5000000    1.0812877581e-02
 396.0000000    1.0604044865e-02
 396.5000000    1.0399953860e-02
 397.0000000    1.0200406233e-02
 397.5000000    1.0005132303e-02
 398.0000000    9.8139486317e-03
 398.5000000    9.6268396842e-03
 399.0000000    9.4439075508e-03
 399.5000000    9.2652411968e-03
 400.0000000    9.0907867331e-03
 400.5000000    8.9203613170e-03
 401.0000000    8.7537500499e-03
 401.5000000    8.5908074266e-03
 402.0000000    8.4314994085e-03
 402.5000000    8.2758817166e-03
 403.0000000    8.1239954482e-03
 403.5000000    7.9757677124e-03
 404.0000000    7.8310390218e-03
 404.5000000    7.6896293453e-03
 405.0000000    7.5513973373e-03
 405.5000000    7.4162939516e-03
 406.0000000    7.2843508037e-03
 406.5000000    7.1555927685e-03
 407.0000000    7.0299587908e-03
 407.5000000    6.9073108337e-03
 408.0000000    6.7874957929e-03
 408.5000000    6.6703997588e-03
 409.0000000    6.5559746001e-03
 409.5000000    6.4442193466e-03
 410.0000000    6.3351262489e-03
 410.5000000    6.2286367368e-03
 411.0000000    6.1246414877e-03
 411.5000000    6.0230217835e-03
 412.0000000    5.9236832845e-03
 412.5000000    5.8265642253e-03
 413.0000000    5.7316404310e-03
 413.5000000    5.6388982314e-03
 414.0000000    5.5482987728e-03
 414.5000000    5.4597648390e-03
 415.0000000    5.3731932795e-03
 415.5000000    5.2884875173e-03
 416.0000000    5.2055850696e-03
 416.5000000    5.1244580605e-03
 417.0000000    5.0450952317e-03
 417.5000000    4.9674774964e-03
 418.0000000    4.8915551299e-03
 418.5000000    4.8172410987e-03
 419.0000000    4.7444402092e-03
 419.5000000    4.6730871690e-03
 420.0000000    4.6031603213e-03
 420.5000000    4.5346640399e-03
 421.0000000    4.4675940613e-03
 421.5000000    4.4019130385e-03
 422.0000000    4.3375491167e-03
 422.5000000    4.2744202893e-03
 423.0000000    4.2124617520e-03
 423.5000000    4.1516605532e-03
 424.0000000    4.0920251856e-03
 424.5000000    4.0335596479e-03
 425.0000000    3.9762463382e-03
 425.5000000    3.9200238345e-03
 426.0000000    3.8648055728e-03
 426.5000000    3.8105320775e-03
 427.0000000    3.7571905317e-03
 427.5000000    3.7048065165e-03
 428.0000000    3.6534078171e-03
 428.5000000    3.6029782320e-03
 429.0000000    3.5534490538e-03
 429.5000000    3.5047357145e-03
 430.0000000    3.4567823669e-03
 430.5000000    3.4095850754e-03
 431.0000000    3.3631884381e-03
 431.5000000    3.3176384473e-03
 432.0000000    3.2729271200e-03
 432.5000000    3.2289720295e-03
 433.0000000    3.1856851784e-03
 433.5000000    3.1430375497e-03
 434.0000000    3.1010511137e-03
 434.5000000    3.0597741637e-03
 435.0000000    3.0192339507e-03
 435.5000000    2.9794086236e-03
 436.0000000    2.9402215200e-03
 436.5000000    2.9015854826e-03
 437.0000000    2.8634694797e-03
 437.5000000    2.8259140933e-03
 438.0000000    2.7889749662e-03
 438.5000000    2.7526762832e-03
 439.0000000    2.7170004523e-03
 439.5000000    2.6818658748e-03
 440.0000000    2.6471976001e-03
 440.5000000    2.6129935338e-03
 441.0000000    2.5793024095e-03
 441.5000000    2.5461828240e-03
 442.0000000    2.5136604031e-03
 442.5000000    2.4816856789e-03
 443.0000000    2.4501655658e-03
 443.5000000    2.4190411030e-03
 444.0000000    2.3883191722e-03
 444.5000000    2.3580548359e-03
 445.0000000    2.3283042895e-03
 445.5000000    2.2990712859e-03
 446.0000000    2.2702933451e-03
 446.5000000    2.2418877031e-03
 447.0000000    2.2138141609e-03
 447.5000000    2.1861024369e-03
 448.0000000    2.1588245171e-03
 448.5000000    2.1320303244e-03
 449.0000000    2.1057021441e-03
 449.5000000    2.0797658854e-03
 450.0000000    2.0541473766e-03
 450.5000000    2.0288290755e-03
 451.0000000    2.0038598381e-03
 451.5000000    1.9793078542e-03
 452.0000000    1.9551994950e-03
 452.5000000    1.9314958486e-03
 453.0000000    1.9081197903e-03
 453.5000000    1.8850136267e-03
 454.0000000    1.8621817085e-03
 454.5000000    1.8396801370e-03
 455.0000000    1.8175663313e-03
 455.5000000    1.7958486906e-03
 456.0000000    1.7744757872e-03
 456.5000000    1.7533735742e-03
 457.0000000    1.7325040108e-03
 457.5000000    1.7118915511e-03
 458.0000000    1.6915952011e-03
 458.5000000    1.6716592423e-03
 459.0000000    1.6520710665e-03
 459.5000000    1.6327654399e-03
 460.0000000    1.6136807992e-03
 460.5000000    1.5948048433e-03
 461.0000000    1.5761757054e-03
 461.5000000    1.5578518765e-03
 462.0000000    1.5398641987e-03
 462.5000000    1.5221864522e-03
 463.0000000    1.5047558426e-03
 463.5000000    1.4875230389e-03
 464.0000000    1.4704878374e-03
 464.5000000    1.4536941203e-03
 465.0000000    1.4371903824e-03
 465.5000000    1.4209865159e-03
 466.0000000    1.4050437421e-03
 466.5000000    1.3893041159e-03
 467.0000000    1.3737347662e-03
 467.5000000    1.3583511107e-03
 468.0000000    1.3432001934e-03
 468.5000000    1.3283182872e-03
 469.0000000    1.3136997452e-03
 469.5000000    1.2992999360e-03
 470.0000000    1.2850697831e-03
 470.5000000    1.2709944444e-03
 471.0000000    1.2571010505e-03
 471.5000000    1.2434322541e-03
 472.0000000    1.2300099087e-03
 472.5000000    1.2168151796e-03
 473.0000000    1.2038031138e-03
 473.5000000    1.1909384812e-03
 474.0000000    1.1782214852e-03
 474.5000000    1.1656841322e-03
 475.0000000    1.1533612565e-03
 475.5000000    1.1412602189e-03
 476.0000000    1.1293540666e-03
 476.5000000    1.1176026203e-03
 477.0000000    1.1059838077e-03
 477.5000000    1.0945088726e-03
 478.0000000    1.0832098947e-03
 478.5000000    1.0721113191e-03
 479.0000000    1.0612086271e-03
 479.5000000    1.0504714135e-03
 480.0000000    1.0398673996e-03
 480.5000000    1.0293868512e-03
 481.0000000    1.0190479419e-03
 481.5000000    1.0088790555e-03
 482.0000000    9.9889357531e-04
 482.5000000    9.8907828393e-04
 483.0000000    9.7940384464e-04
 483.5000000    9.6984783856e-04
 484.0000000    9.6041090769e-04
 484.5000000    9.5111343087e-04
 485.0000000    9.4197651742e-04
 485.5000000    9.3300364808e-04
 486.0000000    9.2417757224e-04
 486.5000000    9.1547387810e-04
 487.0000000    9.0687941598e-04
 487.5000000    8.9840044086e-04
 488.0000000    8.9005505998e-04
 488.5000000    8.8185705723e-04
 489.0000000    8.7380403204e-04
 489.5000000    8.6587909148e-04
 490.0000000    8.5806359623e-04
 490.5000000    8.5035046335e-04
 491.0000000    8.4274762134e-04
 491.5000000    8.3526972678e-04
 492.0000000    8.2792523988e-04
 492.5000000    8.2070919244e-04
 493.0000000    8.1360661480e-04
 493.5000000    8.0660332892e-04
 494.0000000    7.9969547557e-04
 494.5000000    7.9289071841e-04
 495.0000000    7.8620078714e-04
 495.5000000    7.7963139947e-04
 496.0000000    7.7317705612e-04
 496.5000000    7.6682442946e-04
 497.0000000    7.6056157648e-04
 497.5000000    7.5438574301e-04
 498.0000000    7.4830410665e-04
 498.5000000    7.4232711453e-04
 499.0000000    7.3645948204e-04
 499.5000000    7.3069559995e-04
 500.0000000    7.2502274409e-04
 500.5000000    7.1942968645e-04
 501.0000000    7.1391421771e-04
 501.5000000    7.0848393810e-04
 502.0000000    7.0314957464e-04
 502.5000000    6.9791566330e-04
 503.0000000    6.9277576293e-04
 503.5000000    6.8771602028e-04
 504.0000000    6.8272466105e-04
 504.5000000    6.7780050192e-04
 505.0000000    6.7295347932e-04
 505.5000000    6.6819613749e-04
 506.0000000    6.6353249403e-04
 506.5000000    6.5895317095e-04
 507.0000000    6.5444134324e-04
 507.5000000    6.4998531429e-04
 508.0000000    6.4558748529e-04
 508.5000000    6.4126205442e-04
 509.0000000    6.3702273355e-04
 509.5000000    6.3287019456e-04
 510.0000000    6.2878982555e-04
 510.5000000    6.2476228888e-04
 511.0000000    6.2077863089e-04
 511.5000000    6.1684742684e-04
 512.0000000    6.1298734559e-04
 512.5000000    6.0921074771e-04
 513.0000000    6.0551199579e-04
 513.5000000    6.0187059857e-04
 514.0000000    5.9826707841e-04
 514.5000000    5.9469854596e-04
 515.0000000    5.9118081793e-04
 515.5000000    5.8773482147e-04
 516.0000000    5.8436810969e-04
 516.5000000    5.8106696575e-04
 517.0000000    5.7780634862e-04
 517.5000000    5.7456999743e-04
 518.0000000    5.7136391974e-04
 518.5000000    5.6821125974e-04
 519.0000000    5.6513210052e-04
 519.5000000    5.6212521812e-04
 520.0000000    5.5916770500e-04
 520.5000000    5.5623327621e-04
 521.0000000    5.5331393870e-04
 521.5000000    5.5042644177e-04
 522.0000000    5.4759774864e-04
 522.5000000    5.4484150904e-04
 523.0000000    5.4214530087e-04
 523.5000000    5.3947982557e-04
 524.0000000    5.3682281594e-04
 524.5000000    5.3417760692e-04
 525.0000000    5.3157024332e-04
 525.5000000    5.2902696926e-04
 526.0000000    5.2655096683e-04
 526.5000000    5.2411841961e-04
 527.0000000    5.2169776058e-04
 527.5000000    5.1927600136e-04
 528.0000000    5.1686964236e-04
 528.5000000    5.1451048238e-04
 529.0000000    5.1221797382e-04
 529.5000000    5.0998160513e-04
 530.0000000    5.0776873037e-04
 530.5000000    5.0555166478e-04
 531.0000000    5.0333105649e-04
 531.5000000    5.0113525462e-04
 532.0000000    4.9899576013e-04
 532.5000000    4.9691957036e-04
 533.0000000    4.9488227828e-04
 533.5000000    4.9284815941e-04
 534.0000000    4.9080022290e-04
 534.5000000    4.8875451146e-04
 535.0000000    4.8674624555e-04
 535.5000000    4.8479934677e-04
 536.0000000    4.8290526437e-04
 536.5000000    4.8102942078e-04
 537.0000000    4.7914013040e-04
 537.5000000    4.7723544996e-04
 538.0000000    4.7534483322e-04
 538.5000000    4.7350377783e-04
 539.0000000    4.7172290178e-04
 539.5000000    4.6997810374e-04
 540.0000000    4.6823058587e-04
 540.5000000    4.6645971900e-04
 541.0000000    4.6468053704e-04
 541.5000000    4.6293074724e-04
 542.0000000    4.6123817136e-04
 542.5000000    4.5959635491e-04
 543.0000000    4.5796940617e-04
 543.5000000    4.5655022881e-04
 544.0000000    4.5563952539e-04
 544.5000000    4.5472660273e-04
 545.0000000    4.5385113408e-04
 545.5000000    4.5302441969e-04
 546.0000000    4.5221947628e-04
 546.5000000    4.5139477713e-04
 547.0000000    4.5053076659e-04
 547.5000000    4.4964707877e-04
 548.0000000    4.4878526992e-04
 548.5000000    4.4797216814e-04
 549.0000000    4.4719616629e-04
 549.5000000    4.4641756965e-04
 550.0000000    4.4564263389e-04
 550.5000000    4.4483568293e-04
 551.0000000    4.4403094770e-04
 551.5000000    4.4326477067e-04
 552.0000000    4.4254361215e-04
 552.5000000    4.4183841727e-04
 553.0000000    4.4111022339e-04
 553.5000000    4.4034443640e-04
 554.0000000    4.3956366235e-04
 554.5000000    4.3880780915e-04
 555.0000000    4.3809890940e-04
 555.5000000    4.3742165103e-04
 556.0000000    4.3673684210e-04
 556.5000000    4.3601596074e-04
 557.0000000    4.3526631128e-04
 557.5000000    4.3452457146e-04
 558.0000000    4.3382439282e-04
 558.5000000    4.3316671324e-04
 559.0000000    4.3251905326e-04
 559.5000000    4.3184426521e-04
 560.0000000    4.3113319995e-04
 560.5000000    4.3041262698e-04
 561.0000000    4.2972165020e-04
 561.5000000    4.2907734204e-04
 562.0000000    4.2845971040e-04
 562.5000000    4.2782926129e-04
 563.0000000    4.2716177253e-04
 563.5000000    4.2646960951e-04
 564.0000000    4.2579073017e-04
 564.5000000    4.2515512969e-04
 565.0000000    4.2455843578e-04
 565.5000000    4.2396588150e-04
 566.0000000    4.2334293766e-04
 566.5000000    4.2268559165e-04
 567.0000000    4.2202382166e-04
 567.5000000    4.2139527609e-04
 568.0000000    4.2081217490e-04
 568.5000000    4.2025051881e-04
 569.0000000    4.1967121219e-04
 569.5000000    4.1905453665e-04
 570.0000000    4.1841754685e-04
 570.5000000    4.1779901002e-04
 571.0000000    4.1722517356e-04
 571.5000000    4.1668660326e-04
 572.0000000    4.1614655566e-04
 572.5000000    4.1557344990e-04
 573.0000000    4.1496871959e-04
 573.5000000    4.1437200369e-04
 574.0000000    4.1382671284e-04
 574.5000000    4.1332336526e-04
 575.0000000    4.1283547934e-04
 575.5000000    4.1232660467e-04
 576.0000000    4.1178244739e-04
 576.5000000    4.1122321828e-04
 577.0000000    4.1068562396e-04
 577.5000000    4.1019059610e-04
 578.0000000    4.0972506161e-04
 578.5000000    4.0925352485e-04
 579.0000000    4.0874917917e-04
 579.5000000    4.0821734115e-04
 580.0000000    4.0769073557e-04
 580.5000000    4.0720071568e-04
 581.0000000    4.0674965501e-04
 581.5000000    4.0630884454e-04
 582.0000000    4.0584376736e-04
 582.5000000    4.0534446638e-04
 583.0000000    4.0483430122e-04
 583.5000000    4.0434941481e-04
 584.0000000    4.0390692478e-04
 584.5000000    4.0348983283e-04
 585.0000000    4.0306203193e-04
 585.5000000    4.0260021621e-04
 586.0000000    4.0211447259e-04
 586.5000000    4.0163930656e-04
 587.0000000    4.0120306054e-04
 587.5000000    4.0080287523e-04
 588.0000000    4.0040734999e-04
 588.5000000    3.9998435076e-04
 589.0000000    3.9952924293e-04
 589.5000000    3.9906876335e-04
 590.0000000    3.9863734052e-04
 590.5000000    3.9824679843e-04
 591.0000000    3.9787608394e-04
 591.5000000    3.9748995078e-04
 592.0000000    3.9706999641e-04
 592.5000000    3.9663070403e-04
 593.0000000    3.9620652821e-04
 593.5000000    3.9582154280e-04
 594.0000000    3.9546835741e-04
 594.5000000    3.9511471860e-04
 595.0000000    3.9473185619e-04
 595.5000000    3.9431966578e-04
 596.0000000    3.9390672042e-04
 596.5000000    3.9352514256e-04
 597.0000000    3.9318235580e-04
 597.5000000    3.9285454533e-04
 598.0000000    3.9250764901e-04
 598.5000000    3.9212741604e-04
 599.0000000    3.9173198389e-04
 599.5000000    3.9135582566e-04
 600.0000000    3.9101927267e-04
 600.5000000    3.9071061411e-04
 601.0000000    3.9039655339e-04
 601.5000000    3.9005162310e-04
 602.0000000    3.8968054005e-04
 602.5000000    3.8931391732e-04
 603.0000000    3.8898121965e-04
 603.5000000    3.8868478537e-04
 604.0000000    3.8839781515e-04
 604.5000000    3.8808811320e-04
 605.0000000    3.8774653908e-04
 605.5000000    3.8739494582e-04
 606.0000000    3.8706668032e-04
 606.5000000    3.8677710331e-04
 607.0000000    3.8651023281e-04
 607.5000000    3.8623305499e-04
 608.0000000    3.8592460112e-04
 608.5000000    3.8559419281e-04
 609.0000000    3.8527303781e-04
 609.5000000    3.8498673230e-04
 610.0000000    3.8473283811e-04
 610.5000000    3.8448314294e-04
 611.0000000    3.8420850630e-04
 611.5000000    3.8390442629e-04
 612.0000000    3.8359491862e-04
 612.5000000    3.8331134538e-04
 613.0000000    3.8306481074e-04
 613.5000000    3.8283641025e-04
 614.0000000    3.8259391353e-04
 614.5000000    3.8232018062e-04
 615.0000000    3.8202827759e-04
 615.5000000    3.8174993390e-04
 616.0000000    3.8150748348e-04
 616.5000000    3.8129411896e-04
 617.0000000    3.8107998719e-04
 617.5000000    3.8083867294e-04
 618.0000000    3.8057051342e-04
 618.5000000    3.8030212313e-04
 619.0000000    3.8006270258e-04
 619.5000000    3.7985823118e-04
 620.0000000    3.7966634558e-04
 620.5000000    3.7945622467e-04
 621.0000000    3.7921573597e-04
 621.5000000    3.7896194538e-04
 622.0000000    3.7872591865e-04
 622.5000000    3.7852531533e-04
 623.0000000    3.7834892713e-04
 623.5000000    3.7816673529e-04
 624.0000000    3.7795648248e-04
 624.5000000    3.7772320596e-04
 625.0000000    3.7749458511e-04
 625.5000000    3.7729643581e-04
 626.0000000    3.7713007399e-04
 626.5000000    3.7697135101e-04
 627.0000000    3.7679196364e-04
 627.5000000    3.7658424400e-04
 628.0000000    3.7636780052e-04
 628.5000000    3.7617224832e-04
 629.0000000    3.7601111836e-04
 629.5000000    3.7586988627e-04
 630.0000000    3.7571878003e-04
 630.5000000    3.7553910638e-04
 631.0000000    3.7533976222e-04
 631.5000000    3.7514927445e-04
 632.0000000    3.7499046015e-04
 632.5000000    3.7486024722e-04
 633.0000000    3.7473253919e-04
 633.5000000    3.7458142855e-04
 634.0000000    3.7440405268e-04
 634.5000000    3.7422292895e-04
 635.0000000    3.7406591991e-04
 635.5000000    3.7394168098e-04
 636.0000000    3.7383221917e-04
 636.5000000    3.7370892297e-04
 637.0000000    3.7355777393e-04
 637.5000000    3.7339156847e-04
 638.0000000    3.7323852088e-04
 638.5000000    3.7311734947e-04
 639.0000000    3.7302080236e-04
 639.5000000    3.7292214082e-04
 640.0000000    3.7279880665e-04
 640.5000000    3.7265230204e-04
 641.0000000    3.7250671247e-04
 641.5000000    3.7238727493e-04
 642.0000000    3.7229807592e-04
 642.5000000    3.7221861096e-04
 643.0000000    3.7212204262e-04
 643.5000000    3.7199881851e-04
 644.0000000    3.7186486133e-04
 644.5000000    3.7174735196e-04
 645.0000000    3.7166078266e-04
 645.5000000    3.7159432691e-04
 646.0000000    3.7152149373e-04
 646.5000000    3.7142346302e-04
 647.0000000    3.7130561092e-04
 647.5000000    3.7119276594e-04
 648.0000000    3.7110734264e-04
 648.5000000    3.7104957026e-04
 649.0000000    3.7099732096e-04
 649.5000000    3.7092575513e-04
 650.0000000    3.7082935215e-04
 650.5000000    3.7072672673e-04
 651.0000000    3.7064397677e-04
 651.5000000    3.7059147370e-04
 652.0000000    3.7055478839e-04
 652.5000000    3.7050766096e-04
 653.0000000    3.7043523844e-04
 653.5000000    3.7034694834e-04
 654.0000000    3.7026788861e-04
 654.5000000    3.7021662200e-04
 655.0000000    3.7018898570e-04
 655.5000000    3.7016196333e-04
 656.0000000    3.7011398968e-04
 656.5000000    3.7004382302e-04
 657.0000000    3.6997154903e-04
 657.5000000    3.6992090722e-04
 658.0000000    3.6989842058e-04
 658.5000000    3.6988766307e-04
 659.0000000    3.6986376734e-04
 659.5000000    3.6981541922e-04
 660.0000000    3.6975487954e-04
 660.5000000    3.6970708711e-04
 661.0000000    3.6968747428e-04
 661.5000000    3.6968826773e-04
 662.0000000    3.6968549166e-04
 662.5000000    3.6966031763e-04
 663.0000000    3.6961564286e-04
 663.5000000    3.6957325391e-04
 664.0000000    3.6955435104e-04
 664.5000000    3.6956087221e-04
 665.0000000    3.6957404734e-04
 665.5000000    3.6957114777e-04
 666.0000000    3.6954544938e-04
 666.5000000    3.6951194629e-04
 667.0000000    3.6949404372e-04
 667.5000000    3.6950301987e-04
 668.0000000    3.6952823448e-04
 668.5000000    3.6954660667e-04
 669.0000000    3.6954297763e-04
 669.5000000    3.6952342037e-04
 670.0000000    3.6950979875e-04
 670.5000000    3.6952042228e-04
 671.0000000    3.6955390172e-04
 671.5000000    3.6959044254e-04
 672.0000000    3.6960936043e-04
 672.5000000    3.6960729666e-04
 673.0000000    3.6960107252e-04
 673.5000000    3.6961271713e-04
 674.0000000    3.6964994490e-04
 674.5000000    3.6969938553e-04
 675.0000000    3.6973852788e-04
 675.5000000    3.6975568025e-04
 676.0000000    3.6976020355e-04
 676.5000000    3.6977406769e-04
 677.0000000    3.6981239201e-04
 677.5000000    3.6987024187e-04
 678.0000000    3.6992720480e-04
 678.5000000    3.6996549513e-04
 679.0000000    3.6998555875e-04
 679.5000000    3.7000554102e-04
 680.0000000    3.7004520885e-04
 680.5000000    3.7010852963e-04
 681.0000000    3.7018024580e-04
 681.5000000    3.7023940388e-04
 682.0000000    3.7027781653e-04
 682.5000000    3.7030715202e-04
 683.0000000    3.7034848462e-04
 683.5000000    3.7041364481e-04
 684.0000000    3.7049486801e-04
 684.5000000    3.7057178141e-04
 685.0000000    3.7062941621e-04
 685.5000000    3.7067133183e-04
 686.0000000    3.7071638405e-04
 686.5000000    3.7078205342e-04
 687.0000000    3.7086902498e-04
 687.5000000    3.7096063131e-04
 688.0000000    3.7103765265e-04
 688.5000000    3.7109532302e-04
 689.0000000    3.7114744051e-04
 689.5000000    3.7121401475e-04
 690.0000000    3.7130353885e-04
 690.5000000    3.7140563361e-04
 691.0000000    3.7150043122e-04
 691.5000000    3.7157619309e-04
 692.0000000    3.7163955072e-04
 692.5000000    3.7170948845e-04
 693.0000000    3.7180056043e-04
 693.5000000    3.7191017545e-04
 694.0000000    3.7202102899e-04
 694.5000000    3.7211637853e-04
 695.0000000    3.7219467142e-04
 695.5000000    3.7227074460e-04
 696.0000000    3.7236264312e-04
 696.5000000    3.7247569054e-04
 697.0000000    3.7259782307e-04
 697.5000000    3.7271025987e-04
 698.0000000    3.7280405936e-04
 698.5000000    3.7288795398e-04
 699.0000000    3.7298058996e-04
 699.5000000    3.7309406623e-04
 700.0000000    3.7322333183e-04
 700.5000000    3.7335079132e-04
 701.0000000    3.7346197950e-04
 701.5000000    3.7355837539e-04
 702.0000000    3.7365601869e-04
 702.5000000    3.7377123431e-04
 703.0000000    3.7390620705e-04
 703.5000000    3.7404718924e-04
 704.0000000    3.7417677930e-04
 704.5000000    3.7428923201e-04
 705.0000000    3.7439528058e-04
 705.5000000    3.7451242464e-04
 706.0000000    3.7464944393e-04
 706.5000000    3.7479877672e-04
 707.0000000    3.7494329865e-04
 707.5000000    3.7507137723e-04
 708.0000000    3.7518696293e-04
 708.5000000    3.7530598270e-04
 709.0000000    3.7544233533e-04
 709.5000000    3.7559580099e-04
 710.0000000    3.7575237648e-04
 710.5000000    3.7589664127e-04
 711.0000000    3.7602531539e-04
 711.5000000    3.7615017848e-04
 712.0000000    3.7628776357e-04
 712.5000000    3.7644479703e-04
 713.0000000    3.7661221556e-04
 713.5000000    3.7677315662e-04
 714.0000000    3.7691791191e-04
 714.5000000    3.7705252063e-04
 715.0000000    3.7719329894e-04
 715.5000000    3.7735337355e-04
 716.0000000    3.7753881074e-04
 716.5000000    3.7772261745e-04
 717.0000000    3.7789245181e-04
 717.5000000    3.7804969338e-04
 718.0000000    3.7820799462e-04
 718.5000000    3.7838104398e-04
 719.0000000    3.7857057025e-04
 719.5000000    3.7876514014e-04
 720.0000000    3.7895050555e-04
 720.5000000    3.7912211769e-04
 721.0000000    3.7928886827e-04
 721.5000000    3.7946509206e-04
 722.0000000    3.7965805720e-04
 722.5000000    3.7986180074e-04
 723.0000000    3.8006244317e-04
 723.5000000    3.8025022141e-04
 724.0000000    3.8042784772e-04
 724.5000000    3.8060803338e-04
 725.0000000    3.8080232100e-04
 725.5000000    3.8101090636e-04
 726.0000000    3.8122236692e-04
 726.5000000    3.8142361691e-04
 727.0000000    3.8161140123e-04
 727.5000000    3.8179518907e-04
 728.0000000    3.8198882307e-04
 728.5000000    3.8219823896e-04
 729.0000000    3.8241618401e-04
 729.5000000    3.8262872293e-04
 730.0000000    3.8282774681e-04
 730.5000000    3.8301824965e-04
 731.0000000    3.8321384814e-04
 731.5000000    3.8342464195e-04
 732.0000000    3.8364836719e-04
 732.5000000    3.8387269055e-04
 733.0000000    3.8408711978e-04
 733.5000000    3.8429025116e-04
 734.0000000    3.8449273069e-04
 734.5000000    3.8470723517e-04
 735.0000000    3.8493718865e-04
 735.5000000    3.8517399049e-04
 736.0000000    3.8540473937e-04
 736.5000000    3.8562346198e-04
 737.0000000    3.8583607399e-04
 737.5000000    3.8605496639e-04
 738.0000000    3.8628809600e-04
 738.5000000    3.8653206013e-04
 739.0000000    3.8677506393e-04
 739.5000000    3.8700712646e-04
 740.0000000    3.8722866810e-04
 740.5000000    3.8745004873e-04
 741.0000000    3.8768245148e-04
 741.5000000    3.8792804024e-04
 742.0000000    3.8817802044e-04
 742.5000000    3.8842036636e-04
 743.0000000    3.8865045449e-04
 743.5000000    3.8887519830e-04
 744.0000000    3.8910697534e-04
 744.5000000    3.8935270572e-04
 745.0000000    3.8960779379e-04
 745.5000000    3.8986032479e-04
 746.0000000    3.9010175288e-04
 746.5000000    3.9033453531e-04
 747.0000000    3.9056992735e-04
 747.5000000    3.9081796837e-04
 748.0000000    3.9107865603e-04
 748.5000000    3.9134215178e-04
 749.0000000    3.9159767131e-04
 749.5000000    3.9184299016e-04
 750.0000000    3.9208617832e-04
 750.5000000    3.9233828258e-04
 751.0000000    3.9260361454e-04
 751.5000000    3.9287613094e-04
 752.0000000    3.9314484386e-04
 752.5000000    3.9340335755e-04
 753.0000000    3.9365524145e-04
 753.5000000    3.9391071805e-04
 754.0000000    3.9417767335e-04
 754.5000000    3.9445481436e-04
 755.0000000    3.9473283995e-04
 755.5000000    3.9500252663e-04
 756.0000000    3.9526269374e-04
 756.5000000    3.9552117123e-04
 757.0000000    3.9578795538e-04
 757.5000000    3.9606649421e-04
 758.0000000    3.9635068713e-04
 758.5000000    3.9663024064e-04
 759.0000000    3.9689972266e-04
 759.5000000    3.9716338007e-04
 760.0000000    3.9743145798e-04
 760.5000000    3.9771122234e-04
 761.0000000    3.9800058943e-04
 761.5000000    3.9829000545e-04
 762.0000000    3.9857092982e-04
 762.5000000    3.9884341267e-04
 763.0000000    3.9911605105e-04
 763.5000000    3.9939836868e-04
 764.0000000    3.9969239144e-04
 764.5000000    3.9999090046e-04
 765.0000000    4.0028388247e-04
 765.5000000    4.0056739240e-04
 766.0000000    4.0084694580e-04
 766.5000000    4.0113250568e-04
 767.0000000    4.0143552117e-04
 767.5000000    4.0175578489e-04
 768.0000000    4.0207374944e-04
 768.5000000    4.0238379165e-04
 769.0000000    4.0268807078e-04
 769.5000000    4.0299444342e-04
 770.0000000    4.0330951537e-04
 770.5000000    4.0363295263e-04
 771.0000000    4.0395791050e-04
 771.5000000    4.0427705611e-04
 772.0000000    4.0458888836e-04
 772.5000000    4.0489893419e-04
 773.0000000    4.0521489211e-04
 773.5000000    4.0553998476e-04
 774.0000000    4.0587025123e-04
 774.5000000    4.0619805634e-04
 775.0000000    4.0651873193e-04
 775.5000000    4.0683460976e-04
 776.0000000    4.0715299412e-04
 776.5000000    4.0747984715e-04
 777.0000000    4.0781464381e-04
 777.5000000    4.0815085284e-04
 778.0000000    4.0848164764e-04
 778.5000000    4.0880589659e-04
 779.0000000    4.0912919040e-04
 779.5000000    4.0945896716e-04
 780.0000000    4.0979798954e-04
 780.5000000    4.1014192548e-04
 781.0000000    4.1048318444e-04
 781.5000000    4.1081761898e-04
 782.0000000    4.1114815839e-04
 782.5000000    4.1148217851e-04
 783.0000000    4.1182497606e-04
 783.5000000    4.1217513579e-04
 784.0000000    4.1252583774e-04
 784.5000000    4.1287086994e-04
 785.0000000    4.1321001404e-04
 785.5000000    4.1354912025e-04
 786.0000000    4.1389490087e-04
 786.5000000    4.1424905916e-04
 787.0000000    4.1460685698e-04
 787.5000000    4.1496128329e-04
 788.0000000    4.1530912455e-04
 788.5000000    4.1565366786e-04
 789.0000000    4.1600175587e-04
 789.5000000    4.1635780779e-04
 790.0000000    4.1672000165e-04
 790.5000000    4.1708189178e-04
 791.0000000    4.1743801006e-04
 791.5000000    4.1778857330e-04
 792.0000000    4.1813923892e-04
 792.5000000    4.1849616278e-04
 793.0000000    4.1886066554e-04
 793.5000000    4.1922811576e-04
 794.0000000    4.1959196396e-04
 794.5000000    4.1994941566e-04
 795.0000000    4.2030384215e-04
 795.5000000    4.2066186010e-04
 796.0000000    4.2102760814e-04
 796.5000000    4.2139916702e-04
 797.0000000    4.2177022788e-04
 797.5000000    4.2213558080e-04
 798.0000000    4.2249567355e-04
 798.5000000    4.2285626713e-04
 799.0000000    4.2322345396e-04
 799.5000000    4.2359835445e-04
 800.0000000    4.2397612898e-04
 800.5000000    4.2435020442e-04
 801.0000000    4.2471804906e-04
 801.5000000    4.2508343830e-04
 802.0000000    4.2545319220e-04
 802.5000000    4.2583121334e-04
 803.0000000    4.2621505992e-04
 803.5000000    4.2659809177e-04
 804.0000000    4.2697531950e-04
 804.5000000    4.2734780525e-04
 805.0000000    4.2772173108e-04
 805.5000000    4.2810295685e-04
 806.0000000    4.2849187112e-04
 806.5000000    4.2888306900e-04
 807.0000000    4.2927011343e-04
 807.5000000    4.2965115758e-04
 808.0000000    4.3003049244e-04
 808.5000000    4.3041471973e-04
 809.0000000    4.3080696398e-04
 809.5000000    4.3120417892e-04
 810.0000000    4.3159982192e-04
 810.5000000    4.3198950213e-04
 811.0000000    4.3237471192e-04
 811.5000000    4.3276147582e-04
 812.0000000    4.3315512230e-04
 812.5000000    4.3355567110e-04
 813.0000000    4.3395778388e-04
 813.5000000    4.3435532961e-04
 814.0000000    4.3474666561e-04
 814.5000000    4.3513608539e-04
 815.0000000    4.3553013235e-04
 815.5000000    4.3593190810e-04
 816.0000000    4.3633830964e-04
 816.5000000    4.3674266104e-04
 817.0000000    4.3714051474e-04
 817.5000000    4.3753357470e-04
 818.0000000    4.3792826995e-04
 818.5000000    4.3833016633e-04
 819.0000000    4.3874562082e-04
 819.5000000    4.3917298229e-04
 820.0000000    4.3959657981e-04
 820.5000000    4.4001473771e-04
 821.0000000    4.4043117934e-04
 821.5000000    4.4085185572e-04
 822.0000000    4.4127976478e-04
 822.5000000    4.4171227927e-04
 823.0000000    4.4214338497e-04
 823.5000000    4.4256895097e-04
 824.0000000    4.4299043084e-04
 824.5000000    4.4341368217e-04
 825.0000000    4.4384385784e-04
 825.5000000    4.4428083860e-04
 826.0000000    4.4471927896e-04
 826.5000000    4.4515329176e-04
 827.0000000    4.4558166112e-04
 827.5000000    4.4600895795e-04
 828.0000000    4.4644153907e-04
 828.5000000    4.4688194672e-04
 829.0000000    4.4732665035e-04
 829.5000000    4.4776912346e-04
 830.0000000    4.4820555251e-04
 830.5000000    4.4863817865e-04
 831.0000000    4.4907335522e-04
 831.5000000    4.4951600780e-04
 832.0000000    4.4996530957e-04
 832.5000000    4.5041534636e-04
 833.0000000    4.5086023507e-04
 833.5000000    4.5129927589e-04
 834.0000000    4.5173762889e-04
 834.5000000    4.5218185123e-04
 835.0000000    4.5263413361e-04
 835.5000000    4.5309029404e-04
 836.0000000    4.5354336406e-04
 836.5000000    4.5398968779e-04
 837.0000000    4.5443217935e-04
 837.5000000    4.5487781862e-04
 838.0000000    4.5533152329e-04
 838.5000000    4.5579176596e-04
 839.0000000    4.5625182469e-04
 839.5000000    4.5670562734e-04
 840.0000000    4.5715309448e-04
 840.5000000    4.5760027457e-04
 841.0000000    4.5805408633e-04
 841.5000000    4.5851621610e-04
 842.0000000    4.5898153036e-04
 842.5000000    4.5944248573e-04
 843.0000000    4.5989576201e-04
 843.5000000    4.6034529241e-04
 844.0000000    4.6079891202e-04
 844.5000000    4.6126145464e-04
 845.0000000    4.6173038391e-04
 845.5000000    4.6219793247e-04
 846.0000000    4.6265796284e-04
 846.5000000    4.6311147697e-04
 847.0000000    4.6356581587e-04
 847.5000000    4.6402819052e-04
 848.0000000    4.6449926893e-04
 848.5000000    4.6497253480e-04
 849.0000000    4.6544002066e-04
 849.5000000    4.6589936031e-04
 850.0000000    4.6635592511e-04
 850.5000000    4.6681813343e-04
 851.0000000    4.6729003684e-04
 851.5000000    4.6776770853e-04
 852.0000000    4.6824264767e-04
 852.5000000    4.6870925149e-04
 853.0000000    4.6916979942e-04
 853.5000000    4.6963253067e-04
 854.0000000    4.7010443851e-04
 854.5000000    4.7058507852e-04
 855.0000000    4.7106687062e-04
 855.5000000    4.7154171768e-04
 856.0000000    4.7200818097e-04
 856.5000000    4.7247286669e-04
 857.0000000    4.7294469146e-04
 857.5000000    4.7342699067e-04
 858.0000000    4.7391445625e-04
 858.5000000    4.7439772735e-04
 859.0000000    4.7487167435e-04
 859.5000000    4.7534003592e-04
 860.0000000    4.7581220325e-04
 860.5000000    4.7629490879e-04
 861.0000000    4.7678618164e-04
 861.5000000    4.7727699996e-04
 862.0000000    4.7775924886e-04
 862.5000000    4.7823294891e-04
 863.0000000    4.7870631058e-04
 863.5000000    4.7918850269e-04
 864.0000000    4.7968150093e-04
 864.5000000    4.8017825323e-04
 865.0000000    4.8066884839e-04
 865.5000000    4.8114928231e-04
 866.0000000    4.8162506322e-04
 866.5000000    4.8210640204e-04
 867.0000000    4.8259916952e-04
 867.5000000    4.8309961218e-04
 868.0000000    4.8359757263e-04
 868.5000000    4.8408544589e-04
 869.0000000    4.8456496427e-04
 869.5000000    4.8504574721e-04
 870.0000000    4.8553681696e-04
 870.5000000    4.8603855935e-04
 871.0000000    4.8654229410e-04
 871.5000000    4.8703791363e-04
 872.0000000    4.8752286780e-04
 872.5000000    4.8800451260e-04
 873.0000000    4.8849366977e-04
 873.5000000    4.8899504002e-04
 874.0000000    4.8950296723e-04
 874.5000000    4.9000637476e-04
 875.0000000    4.9049857192e-04
 875.5000000    4.9098325498e-04
 876.0000000    4.9147132463e-04
 876.5000000    4.9197884538e-04
 877.0000000    4.9250827313e-04
 877.5000000    4.9303904384e-04
 878.0000000    4.9356094988e-04
 878.5000000    4.9407208393e-04
 879.0000000    4.9458062518e-04
 879.5000000    4.9509763771e-04
 880.0000000    4.9562722218e-04
 880.5000000    4.9616278673e-04
 881.0000000    4.9669281710e-04
 881.5000000    4.9721108089e-04
 882.0000000    4.9772221437e-04
 882.5000000    4.9823768207e-04
 883.0000000    4.9876562111e-04
 883.5000000    4.9930355392e-04
 884.0000000    4.9984048699e-04
 884.5000000    5.0036661973e-04
 885.0000000    5.0088209169e-04
 885.5000000    5.0139696666e-04
 886.0000000    5.0192237629e-04
 886.5000000    5.0246062291e-04
 887.0000000    5.0300305416e-04
 887.5000000    5.0353768264e-04
 888.0000000    5.0405985378e-04
 888.5000000    5.0457648279e-04
 889.0000000    5.0510001711e-04
 889.5000000    5.0563739637e-04
 890.0000000    5.0618380170e-04
 890.5000000    5.0672682447e-04
 891.0000000    5.0725744575e-04
 891.5000000    5.0777809965e-04
 892.0000000    5.0830059404e-04
 892.5000000    5.0883563886e-04
 893.0000000    5.0938324591e-04
 893.5000000    5.0993258549e-04
 894.0000000    5.1047152228e-04
 894.5000000    5.1099740943e-04
 895.0000000    5.1151952121e-04
 895.5000000    5.1205087517e-04
 896.0000000    5.1259663981e-04
 896.5000000    5.1314944423e-04
 897.0000000    5.1369584727e-04
 897.5000000    5.1422829524e-04
 898.0000000    5.1475193916e-04
 898.5000000    5.1528017260e-04
 899.0000000    5.1582276886e-04
 899.5000000    5.1637715084e-04
 900.0000000    5.1693062200e-04
 900.5000000    5.1747164905e-04
 901.0000000    5.1800018525e-04
 901.5000000    5.1852781635e-04
 902.0000000    5.1906752807e-04
 902.5000000    5.1962214141e-04
 903.0000000    5.2018171254e-04
 903.5000000    5.2073227959e-04
 904.0000000    5.2126824867e-04
 904.5000000    5.2179741456e-04
 905.0000000    5.2233407975e-04
 905.5000000    5.2288629894e-04
 906.0000000    5.2344857933e-04
 906.5000000    5.2400661348e-04
 907.0000000    5.2454993345e-04
 907.5000000    5.2508125629e-04
 908.0000000    5.2561414539e-04
 908.5000000    5.2616097526e-04
 909.0000000    5.2672187149e-04
 909.5000000    5.2728452252e-04
 910.0000000    5.2783511996e-04
 910.5000000    5.2837073303e-04
 911.0000000    5.2890206668e-04
 911.5000000    5.2944406146e-04
 912.0000000    5.3000264080e-04
 912.5000000    5.3056942217e-04
 913.0000000    5.3112916879e-04
 913.5000000    5.3167339245e-04
 914.0000000    5.3220798920e-04
 914.5000000    5.3274806412e-04
 915.0000000    5.3330449928e-04
 915.5000000    5.3387420239e-04
 916.0000000    5.3444274549e-04
 916.5000000    5.3499710018e-04
 917.0000000    5.3553717923e-04
 917.5000000    5.3607591198e-04
 918.0000000    5.3662772854e-04
 918.5000000    5.3719564029e-04
 919.0000000    5.3776842175e-04
 919.5000000    5.3833047332e-04
 920.0000000    5.3887565755e-04
 920.5000000    5.3941280892e-04
 921.0000000    5.3995795787e-04
 921.5000000    5.4052010906e-04
 922.0000000    5.4109320252e-04
 922.5000000    5.4166146099e-04
 923.0000000    5.4221344129e-04
 923.5000000    5.4275232335e-04
 924.0000000    5.4329324160e-04
 924.5000000    5.4384993914e-04
 925.0000000    5.4442255755e-04
 925.5000000    5.4499745850e-04
 926.0000000    5.4555932347e-04
 926.5000000    5.4610482767e-04
 927.0000000    5.4664570873e-04
 927.5000000    5.4719841608e-04
 928.0000000    5.4776946625e-04
 928.5000000    5.4834953495e-04
 929.0000000    5.4892163086e-04
 929.5000000    5.4947617312e-04
 930.0000000    5.5001957558e-04
 930.5000000    5.5056861872e-04
 931.0000000    5.5113550324e-04
 931.5000000    5.5171685612e-04
 932.0000000    5.5229656225e-04
 932.5000000    5.5286001555e-04
 933.0000000    5.5340713655e-04
 933.5000000    5.5395249649e-04
 934.0000000    5.5451232662e-04
 934.5000000    5.5508993469e-04
 935.0000000    5.5567258245e-04
 935.5000000    5.5624271319e-04
 936.0000000    5.5679357845e-04
 936.5000000    5.5733530815e-04
 937.0000000    5.5788593260e-04
 937.5000000    5.5845529710e-04
 938.0000000    5.5903622805e-04
 938.5000000    5.5961090657e-04
 939.0000000    5.6016682681e-04
 939.5000000    5.6070810577e-04
 940.0000000    5.6125200298e-04
 940.5000000    5.6181368653e-04
 941.0000000    5.6239281131e-04
 941.5000000    5.6297391801e-04
 942.0000000    5.6354033838e-04
 942.5000000    5.6408920810e-04
 943.0000000    5.6463417114e-04
 943.5000000    5.6519332352e-04
 944.0000000    5.6577311621e-04
 944.5000000    5.6636851435e-04
 945.0000000    5.6697250443e-04
 945.5000000    5.6755752777e-04
 946.0000000    5.6812977987e-04
 946.5000000    5.6870740647e-04
 947.0000000    5.6930413296e-04
 947.5000000    5.6991675775e-04
 948.0000000    5.7052768042e-04
 948.5000000    5.7112028241e-04
 949.0000000    5.7169351874e-04
 949.5000000    5.7226273330e-04
 950.0000000    5.7284592296e-04
 950.5000000    5.7344762942e-04
 951.0000000    5.7405481043e-04
 951.5000000    5.7464842520e-04
 952.0000000    5.7522047249e-04
 952.5000000    5.7578132192e-04
 953.0000000    5.7635076034e-04
 953.5000000    5.7694063996e-04
 954.0000000    5.7754453058e-04
 954.5000000    5.7814361713e-04
 955.0000000    5.7872365753e-04
 955.5000000    5.7928794566e-04
 956.0000000    5.7985470414e-04
 956.5000000    5.8044111456e-04
 957.0000000    5.8104810820e-04
 957.5000000    5.8165948227e-04
 958.0000000    5.8225624366e-04
 958.5000000    5.8283349935e-04
 959.0000000    5.8340483262e-04
 959.5000000    5.8399014789e-04
 960.0000000    5.8459771066e-04
 960.5000000    5.8521641818e-04
 961.0000000    5.8582532781e-04
 961.5000000    5.8641206101e-04
 962.0000000    5.8698368231e-04
 962.5000000    5.8756027163e-04
 963.0000000    5.8815683233e-04
 963.5000000    5.8876966628e-04
 964.0000000    5.8937945859e-04
 964.5000000    5.8996841727e-04
 965.0000000    5.9053620802e-04
 965.5000000    5.9110041925e-04
 966.0000000    5.9168104598e-04
 966.5000000    5.9228277233e-04
 967.0000000    5.9289089180e-04
 967.5000000    5.9348458582e-04
 968.0000000    5.9405575401e-04
 968.5000000    5.9461656135e-04
 969.0000000    5.9518887725e-04
 969.5000000    5.9578494655e-04
 970.0000000    5.9639654007e-04
 970.5000000    5.9700233802e-04
 971.0000000    5.9758701649e-04
 971.5000000    5.9815500069e-04
 972.0000000    5.9872655359e-04
 972.5000000    5.9931962256e-04
 973.0000000    5.9993363913e-04
 973.5000000    6.0054980057e-04
 974.0000000    6.0114765014e-04
 974.5000000    6.0172316676e-04
 975.0000000    6.0229219000e-04
 975.5000000    6.0287609681e-04
 976.0000000    6.0348251820e-04
 976.5000000    6.0409834465e-04
 977.0000000    6.0470128994e-04
 977.5000000    6.0527968930e-04
 978.0000000    6.0584286777e-04
 978.5000000    6.0641284342e-04
 979.0000000    6.0700476071e-04
 979.5000000    6.0761348169e-04
 980.0000000    6.0821827526e-04
 980.5000000    6.0880142354e-04
 981.0000000    6.0936418037e-04
 981.5000000    6.0992587531e-04
 982.0000000    6.1050692999e-04
 982.5000000    6.1111086258e-04
 983.0000000    6.1172129260e-04
 983.5000000    6.1231663619e-04
 984.0000000    6.1288943188e-04
 984.5000000    6.1345309713e-04
 985.0000000    6.1403007036e-04
 985.5000000    6.1463184328e-04
 986.0000000    6.1524864123e-04
 986.5000000    6.1585796856e-04
 987.0000000    6.1644445744e-04
 987.5000000    6.1701338826e-04
 988.0000000    6.1758584562e-04
 988.5000000    6.1817976920e-04
 989.0000000    6.1879371878e-04
 989.5000000    6.1940782772e-04
 990.0000000    6.2000117472e-04
 990.5000000    6.2057018645e-04
 991.0000000    6.2113170756e-04
 991.5000000    6.2170793734e-04
 992.0000000    6.2230655133e-04
 992.5000000    6.2291370099e-04
 993.0000000    6.2350622000e-04
 993.5000000    6.2407227477e-04
 994.0000000    6.2462209515e-04
 994.5000000    6.2517913751e-04
 995.0000000    6.2576010154e-04
 995.5000000    6.2635806452e-04
 996.0000000    6.2695110834e-04
 996.5000000    6.2752128608e-04
 997.0000000    6.2807044220e-04
 997.5000000    6.2861997373e-04
 998.0000000    6.2919109015e-04
 998.5000000    6.2978660811e-04
 999.0000000    6.3038838637e-04
 999.5000000    6.3097363065e-04
1000.0000000    6.3153542221e-04
1000.5000000    6.3208908121e-04
1001.0000000    6.3265857469e-04
1001.5000000    6.3325504504e-04
1002.0000000    6.3386668159e-04
1002.5000000    6.3446907982e-04
1003.0000000    6.3504706123e-04
1003.5000000    6.3560734003e-04
