#       time      Noether Charge
   0.0000000    5.4255428101e-01
   0.5000000    5.4255461531e-01
   1.0000000    5.4255457002e-01
   1.5000000    5.4255463110e-01
   2.0000000    5.4255466300e-01
   2.5000000    5.4255466641e-01
   3.0000000    5.4255465640e-01
   3.5000000    5.4255462952e-01
   4.0000000    5.4255412105e-01
   4.5000000    5.4255417236e-01
   5.0000000    5.4256021593e-01
   5.5000000    5.4256105967e-01
   6.0000000    5.4256044127e-01
   6.5000000    5.4256053725e-01
   7.0000000    5.4256085226e-01
   7.5000000    5.4256142729e-01
   8.0000000    5.4256075874e-01
   8.5000000    5.4256158602e-01
   9.0000000    5.4256161440e-01
   9.5000000    5.4256166566e-01
  10.0000000    5.4256169708e-01
  10.5000000    5.4256171212e-01
  11.0000000    5.4255788703e-01
  11.5000000    5.4256701590e-01
  12.0000000    5.4255818906e-01
  12.5000000    5.4255819500e-01
  13.0000000    5.4255749508e-01
  13.5000000    5.4256509389e-01
  14.0000000    5.4255784319e-01
  14.5000000    5.4255796360e-01
  15.0000000    5.4255536010e-01
  15.5000000    5.4255810653e-01
  16.0000000    5.4255541730e-01
  16.5000000    5.4255551365e-01
  17.0000000    5.4255641928e-01
  17.5000000    5.4255660110e-01
  18.0000000    5.4255650973e-01
  18.5000000    5.4255741162e-01
  19.0000000    5.4255755598e-01
  19.5000000    5.4256042078e-01
  20.0000000    5.4256070621e-01
  20.5000000    5.4256080030e-01
  21.0000000    5.4256087136e-01
  21.5000000    5.4256092494e-01
  22.0000000    5.4256095125e-01
  22.5000000    5.4256077740e-01
  23.0000000    5.4255930512e-01
  23.5000000    5.4255805810e-01
  24.0000000    5.4255734893e-01
  24.5000000    5.4255755603e-01
  25.0000000    5.4255748545e-01
  25.5000000    5.4256002259e-01
  26.0000000    5.4255947315e-01
  26.5000000    5.4255978260e-01
  27.0000000    5.4255994392e-01
  27.5000000    5.4255988466e-01
  28.0000000    5.4256757437e-01
  28.5000000    5.4256768716e-01
  29.0000000    5.4256859402e-01
  29.5000000    5.4256868540e-01
  30.0000000    5.4256922186e-01
  30.5000000    5.4257027673e-01
  31.0000000    5.4257034332e-01
  31.5000000    5.4257262152e-01
  32.0000000    5.4257271312e-01
  32.5000000    5.4257116747e-01
  33.0000000    5.4257127023e-01
  33.5000000    5.4257135512e-01
  34.0000000    5.4257063792e-01
  34.5000000    5.4257070948e-01
  35.0000000    5.4256797254e-01
  35.5000000    5.4256807882e-01
  36.0000000    5.4256800409e-01
  36.5000000    5.4256775854e-01
  37.0000000    5.4256571790e-01
  37.5000000    5.4256607629e-01
  38.0000000    5.4256622561e-01
  38.5000000    5.4256727735e-01
  39.0000000    5.4256739354e-01
  39.5000000    5.4256830941e-01
  40.0000000    5.4256993787e-01
  40.5000000    5.4257003083e-01
  41.0000000    5.4257029181e-01
  41.5000000    5.4257035221e-01
  42.0000000    5.4257039377e-01
  42.5000000    5.4257042088e-01
  43.0000000    5.4257025764e-01
  43.5000000    5.4257024994e-01
  44.0000000    5.4256875914e-01
  44.5000000    5.4256794069e-01
  45.0000000    5.4256816393e-01
  45.5000000    5.4256809766e-01
  46.0000000    5.4256783720e-01
  46.5000000    5.4256902185e-01
  47.0000000    5.4256938687e-01
  47.5000000    5.4256938513e-01
  48.0000000    5.4256957985e-01
  48.5000000    5.4257405306e-01
  49.0000000    5.4257411545e-01
  49.5000000    5.4257498541e-01
  50.0000000    5.4257503062e-01
  50.5000000    5.4257524783e-01
  51.0000000    5.4257527201e-01
  51.5000000    5.4257331647e-01
  52.0000000    5.4257336760e-01
  52.5000000    5.4257340337e-01
  53.0000000    5.4257326370e-01
  53.5000000    5.4257327133e-01
  54.0000000    5.4257326411e-01
  54.5000000    5.4257324224e-01
  55.0000000    5.4256733033e-01
  55.5000000    5.4256769461e-01
  56.0000000    5.4256776254e-01
  56.5000000    5.4256763115e-01
  57.0000000    5.4256180267e-01
  57.5000000    5.4256235221e-01
  58.0000000    5.4256390029e-01
  58.5000000    5.4256382878e-01
  59.0000000    5.4256397947e-01
  59.5000000    5.4256410679e-01
  60.0000000    5.4256504365e-01
  60.5000000    5.4256668780e-01
  61.0000000    5.4256677768e-01
  61.5000000    5.4256684283e-01
  62.0000000    5.4256688523e-01
  62.5000000    5.4256710181e-01
  63.0000000    5.4256692326e-01
  63.5000000    5.4256690229e-01
  64.0000000    5.4256685891e-01
  64.5000000    5.4256679254e-01
  65.0000000    5.4256441958e-01
  65.5000000    5.4256434162e-01
  66.0000000    5.4256449495e-01
  66.5000000    5.4256415957e-01
  67.0000000    5.4256633960e-01
  67.5000000    5.4257146022e-01
  68.0000000    5.4257182646e-01
  68.5000000    5.4256896993e-01
  69.0000000    5.4257453414e-01
  69.5000000    5.4257464078e-01
  70.0000000    5.4257556609e-01
  70.5000000    5.4257565482e-01
  71.0000000    5.4257591141e-01
  71.5000000    5.4257597463e-01
  72.0000000    5.4257602041e-01
  72.5000000    5.4257831864e-01
  73.0000000    5.4257839213e-01
  73.5000000    5.4257845066e-01
  74.0000000    5.4257834479e-01
  74.5000000    5.4257838016e-01
  75.0000000    5.4257840032e-01
  75.5000000    5.4257632124e-01
  76.0000000    5.4257662018e-01
  76.5000000    5.4257661638e-01
  77.0000000    5.4257424912e-01
  77.5000000    5.4257402206e-01
  78.0000000    5.4257769679e-01
  78.5000000    5.4257749036e-01
  79.0000000    5.4257467781e-01
  79.5000000    5.4257476163e-01
  80.0000000    5.4257676306e-01
  80.5000000    5.4257581370e-01
  81.0000000    5.4257591236e-01
  81.5000000    5.4257599262e-01
  82.0000000    5.4257605395e-01
  82.5000000    5.4257609563e-01
  83.0000000    5.4257611820e-01
  83.5000000    5.4257612166e-01
  84.0000000    5.4257610662e-01
  84.5000000    5.4257607094e-01
  85.0000000    5.4257601660e-01
  85.5000000    5.4257594363e-01
  86.0000000    5.4257866607e-01
  86.5000000    5.4257860110e-01
  87.0000000    5.4258148633e-01
  87.5000000    5.4258112119e-01
  88.0000000    5.4258148711e-01
  88.5000000    5.4258147538e-01
  89.0000000    5.4258330874e-01
  89.5000000    5.4258305574e-01
  90.0000000    5.4258387873e-01
  90.5000000    5.4258189679e-01
  91.0000000    5.4258286269e-01
  91.5000000    5.4258361465e-01
  92.0000000    5.4258361607e-01
  92.5000000    5.4258398128e-01
  93.0000000    5.4258354052e-01
  93.5000000    5.4258347213e-01
  94.0000000    5.4258338727e-01
  94.5000000    5.4258174430e-01
  95.0000000    5.4258166393e-01
  95.5000000    5.4258156555e-01
  96.0000000    5.4257450070e-01
  96.5000000    5.4257680888e-01
  97.0000000    5.4257669727e-01
  97.5000000    5.4257332163e-01
  98.0000000    5.4257385258e-01
  98.5000000    5.4257399625e-01
  99.0000000    5.4257432479e-01
  99.5000000    5.4257416640e-01
 100.0000000    5.4257715491e-01
 100.5000000    5.4257720373e-01
 101.0000000    5.4257722764e-01
 101.5000000    5.4257215409e-01
 102.0000000    5.4257220242e-01
 102.5000000    5.4257222541e-01
 103.0000000    5.4257222357e-01
 103.5000000    5.4257219526e-01
 104.0000000    5.4257214220e-01
 104.5000000    5.4257206300e-01
 105.0000000    5.4257737375e-01
 105.5000000    5.4257730479e-01
 106.0000000    5.4257664642e-01
 106.5000000    5.4257437829e-01
 107.0000000    5.4257720849e-01
 107.5000000    5.4257675895e-01
 108.0000000    5.4257704344e-01
 108.5000000    5.4257693994e-01
 109.0000000    5.4258522549e-01
 109.5000000    5.4258507250e-01
 110.0000000    5.4258600124e-01
 110.5000000    5.4258608166e-01
 111.0000000    5.4258747725e-01
 111.5000000    5.4258982379e-01
 112.0000000    5.4258991289e-01
 112.5000000    5.4258998637e-01
 113.0000000    5.4259004287e-01
 113.5000000    5.4259008306e-01
 114.0000000    5.4259010641e-01
 114.5000000    5.4258670321e-01
 115.0000000    5.4258670965e-01
 115.5000000    5.4258689761e-01
 116.0000000    5.4258480949e-01
 116.5000000    5.4258465320e-01
 117.0000000    5.4258471339e-01
 117.5000000    5.4258128902e-01
 118.0000000    5.4258178439e-01
 118.5000000    5.4258189338e-01
 119.0000000    5.4258219502e-01
 119.5000000    5.4258409753e-01
 120.0000000    5.4258498654e-01
 120.5000000    5.4258501838e-01
 121.0000000    5.4258502964e-01
 121.5000000    5.4258501986e-01
 122.0000000    5.4258540958e-01
 122.5000000    5.4257999843e-01
 123.0000000    5.4258000278e-01
 123.5000000    5.4258569358e-01
 124.0000000    5.4258570846e-01
 124.5000000    5.4258570186e-01
 125.0000000    5.4258531714e-01
 125.5000000    5.4258470946e-01
 126.0000000    5.4258464139e-01
 126.5000000    5.4258533850e-01
 127.0000000    5.4258539201e-01
 127.5000000    5.4258536884e-01
 128.0000000    5.4258699292e-01
 128.5000000    5.4258864362e-01
 129.0000000    5.4258888195e-01
 129.5000000    5.4258947586e-01
 130.0000000    5.4258907658e-01
 130.5000000    5.4258904963e-01
 131.0000000    5.4258900423e-01
 131.5000000    5.4258894054e-01
 132.0000000    5.4259124047e-01
 132.5000000    5.4259118169e-01
 133.0000000    5.4259110478e-01
 133.5000000    5.4259100956e-01
 134.0000000    5.4258883237e-01
 134.5000000    5.4258910221e-01
 135.0000000    5.4258841539e-01
 135.5000000    5.4258827163e-01
 136.0000000    5.4258567641e-01
 136.5000000    5.4258131991e-01
 137.0000000    5.4257790517e-01
 137.5000000    5.4257766136e-01
 138.0000000    5.4257777655e-01
 138.5000000    5.4258018434e-01
 139.0000000    5.4258082792e-01
 139.5000000    5.4258086513e-01
 140.0000000    5.4258087459e-01
 140.5000000    5.4258126784e-01
 141.0000000    5.4258122925e-01
 141.5000000    5.4258169066e-01
 142.0000000    5.4258165642e-01
 142.5000000    5.4258159439e-01
 143.0000000    5.4258135133e-01
 143.5000000    5.4258129349e-01
 144.0000000    5.4258120752e-01
 144.5000000    5.4258051867e-01
 145.0000000    5.4258096309e-01
 145.5000000    5.4258066258e-01
 146.0000000    5.4258135958e-01
 146.5000000    5.4258168743e-01
 147.0000000    5.4259034933e-01
 147.5000000    5.4259049768e-01
 148.0000000    5.4259084622e-01
 148.5000000    5.4259115912e-01
 149.0000000    5.4259125874e-01
 149.5000000    5.4259133941e-01
 150.0000000    5.4259139967e-01
 150.5000000    5.4259144034e-01
 151.0000000    5.4259146114e-01
 151.5000000    5.4259146275e-01
 152.0000000    5.4259180415e-01
 152.5000000    5.4259185993e-01
 153.0000000    5.4259189629e-01
 153.5000000    5.4259133760e-01
 154.0000000    5.4259167305e-01
 154.5000000    5.4259141794e-01
 155.0000000    5.4259139027e-01
 155.5000000    5.4258956056e-01
 156.0000000    5.4258957656e-01
 156.5000000    5.4258924122e-01
 157.0000000    5.4258929212e-01
 157.5000000    5.4258789933e-01
 158.0000000    5.4258853196e-01
 158.5000000    5.4258896247e-01
 159.0000000    5.4258897213e-01
 159.5000000    5.4258943495e-01
 160.0000000    5.4258946030e-01
 160.5000000    5.4258946195e-01
 161.0000000    5.4258943913e-01
 161.5000000    5.4258939275e-01
 162.0000000    5.4258932291e-01
 162.5000000    5.4258918160e-01
 163.0000000    5.4258909831e-01
 163.5000000    5.4258965350e-01
 164.0000000    5.4258967406e-01
 164.5000000    5.4259005147e-01
 165.0000000    5.4259251233e-01
 165.5000000    5.4259222270e-01
 166.0000000    5.4259225129e-01
 166.5000000    5.4259208399e-01
 167.0000000    5.4259209219e-01
 167.5000000    5.4259265542e-01
 168.0000000    5.4259261006e-01
 168.5000000    5.4259254258e-01
 169.0000000    5.4259245381e-01
 169.5000000    5.4259440783e-01
 170.0000000    5.4259432161e-01
 170.5000000    5.4259421424e-01
 171.0000000    5.4259408458e-01
 171.5000000    5.4259169678e-01
 172.0000000    5.4259156185e-01
 172.5000000    5.4259171000e-01
 173.0000000    5.4259136407e-01
 173.5000000    5.4259156589e-01
 174.0000000    5.4258919080e-01
 174.5000000    5.4258506463e-01
 175.0000000    5.4258477483e-01
 175.5000000    5.4258567895e-01
 176.0000000    5.4258739030e-01
 176.5000000    5.4258801654e-01
 177.0000000    5.4258801823e-01
 177.5000000    5.4258487130e-01
 178.0000000    5.4258486107e-01
 178.5000000    5.4258481805e-01
 179.0000000    5.4258474203e-01
 179.5000000    5.4258718717e-01
 180.0000000    5.4258794122e-01
 180.5000000    5.4258912224e-01
 181.0000000    5.4258897955e-01
 181.5000000    5.4258512163e-01
 182.0000000    5.4259192931e-01
 182.5000000    5.4259410652e-01
 183.0000000    5.4259428326e-01
 183.5000000    5.4259443741e-01
 184.0000000    5.4259431222e-01
 184.5000000    5.4259418308e-01
 185.0000000    5.4259430414e-01
 185.5000000    5.4259498715e-01
 186.0000000    5.4259704631e-01
 186.5000000    5.4259713462e-01
 187.0000000    5.4259720016e-01
 187.5000000    5.4259724287e-01
 188.0000000    5.4259726307e-01
 188.5000000    5.4259726113e-01
 189.0000000    5.4259664683e-01
 189.5000000    5.4259658869e-01
 190.0000000    5.4259716398e-01
 190.5000000    5.4259555590e-01
 191.0000000    5.4259526902e-01
 191.5000000    5.4259520792e-01
 192.0000000    5.4259512378e-01
 192.5000000    5.4259751510e-01
 193.0000000    5.4259790602e-01
 193.5000000    5.4259529443e-01
 194.0000000    5.4259534439e-01
 194.5000000    5.4259595384e-01
 195.0000000    5.4259593634e-01
 195.5000000    5.4259921995e-01
 196.0000000    5.4259919015e-01
 196.5000000    5.4259913180e-01
 197.0000000    5.4259610911e-01
 197.5000000    5.4259738613e-01
 198.0000000    5.4259732429e-01
 198.5000000    5.4259789894e-01
 199.0000000    5.4260028623e-01
 199.5000000    5.4259972641e-01
 200.0000000    5.4259968687e-01
 200.5000000    5.4259913119e-01
 201.0000000    5.4259600328e-01
 201.5000000    5.4259594301e-01
 202.0000000    5.4259719388e-01
 202.5000000    5.4259726314e-01
 203.0000000    5.4259784221e-01
 203.5000000    5.4259779015e-01
 204.0000000    5.4259771181e-01
 204.5000000    5.4259760718e-01
 205.0000000    5.4259747632e-01
 205.5000000    5.4259672000e-01
 206.0000000    5.4259652480e-01
 206.5000000    5.4259696816e-01
 207.0000000    5.4259792333e-01
 207.5000000    5.4259649271e-01
 208.0000000    5.4259783221e-01
 208.5000000    5.4259901261e-01
 209.0000000    5.4259895494e-01
 209.5000000    5.4259995019e-01
 210.0000000    5.4259274340e-01
 210.5000000    5.4259366305e-01
 211.0000000    5.4259907085e-01
 211.5000000    5.4259989443e-01
 212.0000000    5.4260007492e-01
 212.5000000    5.4260022356e-01
 213.0000000    5.4259409920e-01
 213.5000000    5.4259338601e-01
 214.0000000    5.4259322863e-01
 214.5000000    5.4260351794e-01
 215.0000000    5.4260490180e-01
 215.5000000    5.4260183752e-01
 216.0000000    5.4260356269e-01
 216.5000000    5.4260310073e-01
 217.0000000    5.4260429780e-01
 217.5000000    5.4260564056e-01
 218.0000000    5.4260448526e-01
 218.5000000    5.4259954762e-01
 219.0000000    5.4259969283e-01
 219.5000000    5.4260047632e-01
 220.0000000    5.4260055591e-01
 220.5000000    5.4260060759e-01
 221.0000000    5.4260002434e-01
 221.5000000    5.4260000790e-01
 222.0000000    5.4260059807e-01
 222.5000000    5.4260386041e-01
 223.0000000    5.4260384995e-01
 223.5000000    5.4260472824e-01
 224.0000000    5.4260469681e-01
 224.5000000    5.4260748590e-01
 225.0000000    5.4260874383e-01
 225.5000000    5.4260800016e-01
 226.0000000    5.4260673180e-01
 226.5000000    5.4260287391e-01
 227.0000000    5.4260218819e-01
 227.5000000    5.4260242462e-01
 228.0000000    5.4260284611e-01
 228.5000000    5.4260224844e-01
 229.0000000    5.4260221983e-01
 229.5000000    5.4260719765e-01
 230.0000000    5.4260854390e-01
 230.5000000    5.4260614739e-01
 231.0000000    5.4261011044e-01
 231.5000000    5.4260894209e-01
 232.0000000    5.4260954551e-01
 232.5000000    5.4261029018e-01
 233.0000000    5.4260966454e-01
 233.5000000    5.4260635204e-01
 234.0000000    5.4260496539e-01
 234.5000000    5.4260415377e-01
 235.0000000    5.4260540098e-01
 235.5000000    5.4260603467e-01
 236.0000000    5.4260569143e-01
 236.5000000    5.4260571350e-01
 237.0000000    5.4260640581e-01
 237.5000000    5.4260976864e-01
 238.0000000    5.4261128832e-01
 238.5000000    5.4261133108e-01
 239.0000000    5.4261062676e-01
 239.5000000    5.4261133696e-01
 240.0000000    5.4261129669e-01
 240.5000000    5.4261122882e-01
 241.0000000    5.4261113199e-01
 241.5000000    5.4261031114e-01
 242.0000000    5.4260893233e-01
 242.5000000    5.4260045061e-01
 243.0000000    5.4260063311e-01
 243.5000000    5.4260537004e-01
 244.0000000    5.4260676400e-01
 244.5000000    5.4260921705e-01
 245.0000000    5.4260948910e-01
 245.5000000    5.4260972718e-01
 246.0000000    5.4260993136e-01
 246.5000000    5.4261010190e-01
 247.0000000    5.4261023768e-01
 247.5000000    5.4261033989e-01
 248.0000000    5.4261040876e-01
 248.5000000    5.4261015540e-01
 249.0000000    5.4261012884e-01
 249.5000000    5.4261101168e-01
 250.0000000    5.4261338792e-01
 250.5000000    5.4261455345e-01
 251.0000000    5.4261325764e-01
 251.5000000    5.4261339382e-01
 252.0000000    5.4261184622e-01
 252.5000000    5.4261208085e-01
 253.0000000    5.4261216240e-01
 253.5000000    5.4261220902e-01
 254.0000000    5.4261222083e-01
 254.5000000    5.4261219675e-01
 255.0000000    5.4261213724e-01
 255.5000000    5.4261102875e-01
 256.0000000    5.4260999971e-01
 256.5000000    5.4261295578e-01
 257.0000000    5.4261168313e-01
 257.5000000    5.4261139866e-01
 258.0000000    5.4261285635e-01
 258.5000000    5.4261371059e-01
 259.0000000    5.4261389586e-01
 259.5000000    5.4261404580e-01
 260.0000000    5.4261416071e-01
 260.5000000    5.4261395840e-01
 261.0000000    5.4261397197e-01
 261.5000000    5.4261941091e-01
 262.0000000    5.4261951540e-01
 262.5000000    5.4261835168e-01
 263.0000000    5.4261839177e-01
 263.5000000    5.4261817123e-01
 264.0000000    5.4261854777e-01
 264.5000000    5.4261853831e-01
 265.0000000    5.4261979725e-01
 265.5000000    5.4261976193e-01
 266.0000000    5.4261969044e-01
 266.5000000    5.4262024818e-01
 267.0000000    5.4261944577e-01
 267.5000000    5.4261454242e-01
 268.0000000    5.4261453083e-01
 268.5000000    5.4261836785e-01
 269.0000000    5.4261960063e-01
 269.5000000    5.4261982644e-01
 270.0000000    5.4262027247e-01
 270.5000000    5.4262442790e-01
 271.0000000    5.4262437344e-01
 271.5000000    5.4262079627e-01
 272.0000000    5.4262465345e-01
 272.5000000    5.4262490923e-01
 273.0000000    5.4262516575e-01
 273.5000000    5.4262578764e-01
 274.0000000    5.4262637761e-01
 274.5000000    5.4262693541e-01
 275.0000000    5.4262746218e-01
 275.5000000    5.4262740194e-01
 276.0000000    5.4262755082e-01
 276.5000000    5.4262850214e-01
 277.0000000    5.4262939073e-01
 277.5000000    5.4262950550e-01
 278.0000000    5.4262993423e-01
 278.5000000    5.4263067960e-01
 279.0000000    5.4263192954e-01
 279.5000000    5.4263232778e-01
 280.0000000    5.4263269908e-01
 280.5000000    5.4263304427e-01
 281.0000000    5.4263342884e-01
 281.5000000    5.4263372353e-01
 282.0000000    5.4263385173e-01
 282.5000000    5.4263411936e-01
 283.0000000    5.4263429486e-01
 283.5000000    5.4263466228e-01
 284.0000000    5.4263517108e-01
 284.5000000    5.4263511621e-01
 285.0000000    5.4263596116e-01
 285.5000000    5.4263765886e-01
 286.0000000    5.4263357089e-01
 286.5000000    5.4263524855e-01
 287.0000000    5.4263632411e-01
 287.5000000    5.4263810741e-01
 288.0000000    5.4263872713e-01
 288.5000000    5.4263931109e-01
 289.0000000    5.4264019368e-01
 289.5000000    5.4264127391e-01
 290.0000000    5.4264207586e-01
 290.5000000    5.4264932380e-01
 291.0000000    5.4265153373e-01
 291.5000000    5.4265298069e-01
 292.0000000    5.4265470823e-01
 292.5000000    5.4265555918e-01
 293.0000000    5.4265863725e-01
 293.5000000    5.4265975320e-01
 294.0000000    5.4266067210e-01
 294.5000000    5.4266730451e-01
 295.0000000    5.4266756761e-01
 295.5000000    5.4266861465e-01
 296.0000000    5.4267010505e-01
 296.5000000    5.4267174261e-01
 297.0000000    5.4267326110e-01
 297.5000000    5.4267736765e-01
 298.0000000    5.4267403358e-01
 298.5000000    5.4267513862e-01
 299.0000000    5.4267670357e-01
 299.5000000    5.4267791980e-01
 300.0000000    5.4267939632e-01
 300.5000000    5.4268137185e-01
 301.0000000    5.4268041388e-01
 301.5000000    5.4268413585e-01
 302.0000000    5.4268452399e-01
 302.5000000    5.4268589591e-01
 303.0000000    5.4268682215e-01
 303.5000000    5.4268813070e-01
 304.0000000    5.4268955324e-01
 304.5000000    5.4268964896e-01
 305.0000000    5.4269068351e-01
 305.5000000    5.4269139000e-01
 306.0000000    5.4269230693e-01
 306.5000000    5.4269296038e-01
 307.0000000    5.4269384077e-01
 307.5000000    5.4269495631e-01
 308.0000000    5.4269605532e-01
 308.5000000    5.4269686390e-01
 309.0000000    5.4269767053e-01
 309.5000000    5.4269853294e-01
 310.0000000    5.4269986290e-01
 310.5000000    5.4269940233e-01
 311.0000000    5.4269970768e-01
 311.5000000    5.4270071330e-01
 312.0000000    5.4269800154e-01
 312.5000000    5.4269903709e-01
 313.0000000    5.4269979403e-01
 313.5000000    5.4270052461e-01
 314.0000000    5.4270106084e-01
 314.5000000    5.4270189777e-01
 315.0000000    5.4270282889e-01
 315.5000000    5.4270280031e-01
 316.0000000    5.4270347713e-01
 316.5000000    5.4270407766e-01
 317.0000000    5.4270457300e-01
 317.5000000    5.4270508685e-01
 318.0000000    5.4270561040e-01
 318.5000000    5.4270610098e-01
 319.0000000    5.4270649409e-01
 319.5000000    5.4270686426e-01
 320.0000000    5.4270720148e-01
 320.5000000    5.4270800694e-01
 321.0000000    5.4270791765e-01
 321.5000000    5.4270771480e-01
 322.0000000    5.4270730399e-01
 322.5000000    5.4270633936e-01
 323.0000000    5.4270402846e-01
 323.5000000    5.4270025927e-01
 324.0000000    5.4269303705e-01
 324.5000000    5.4267856399e-01
 325.0000000    5.4264794680e-01
 325.5000000    5.4258015646e-01
 326.0000000    5.4242154226e-01
 326.5000000    5.4203749365e-01
 327.0000000    5.4108373071e-01
 327.5000000    5.3873905448e-01
 328.0000000    5.3314858538e-01
 328.5000000    5.2050513496e-01
 329.0000000    4.9495587388e-01
 329.5000000    4.5311281088e-01
 330.0000000    4.0087653891e-01
 330.5000000    3.5031268795e-01
 331.0000000    3.0963122190e-01
 331.5000000    2.8016556673e-01
 332.0000000    2.5969291883e-01
 332.5000000    2.4550570711e-01
 333.0000000    2.3552601678e-01
 333.5000000    2.2836458036e-01
 334.0000000    2.2312016023e-01
 334.5000000    2.1920398578e-01
 335.0000000    2.1622239158e-01
 335.5000000    2.1390553323e-01
 336.0000000    2.1206715921e-01
 336.5000000    2.1057112582e-01
 337.0000000    2.0931662841e-01
 337.5000000    2.0822702104e-01
 338.0000000    2.0724272517e-01
 338.5000000    2.0631761213e-01
 339.0000000    2.0541589933e-01
 339.5000000    2.0450995424e-01
 340.0000000    2.0357907021e-01
 340.5000000    2.0260692747e-01
 341.0000000    2.0158141092e-01
 341.5000000    2.0049329534e-01
 342.0000000    1.9933576567e-01
 342.5000000    1.9810401088e-01
 343.0000000    1.9679490956e-01
 343.5000000    1.9540664369e-01
 344.0000000    1.9393851137e-01
 344.5000000    1.9239111536e-01
 345.0000000    1.9076495689e-01
 345.5000000    1.8906121473e-01
 346.0000000    1.8728119230e-01
 346.5000000    1.8542713044e-01
 347.0000000    1.8350091915e-01
 347.5000000    1.8150345898e-01
 348.0000000    1.7944030880e-01
 348.5000000    1.7731271314e-01
 349.0000000    1.7512347598e-01
 349.5000000    1.7287495427e-01
 350.0000000    1.7057149326e-01
 350.5000000    1.6821471338e-01
 351.0000000    1.6580733749e-01
 351.5000000    1.6335348542e-01
 352.0000000    1.6085546088e-01
 352.5000000    1.5831662171e-01
 353.0000000    1.5573989183e-01
 353.5000000    1.5312872356e-01
 354.0000000    1.5048538418e-01
 354.5000000    1.4781346163e-01
 355.0000000    1.4511592390e-01
 355.5000000    1.4239338129e-01
 356.0000000    1.3965439364e-01
 356.5000000    1.3689950362e-01
 357.0000000    1.3413182858e-01
 357.5000000    1.3135479174e-01
 358.0000000    1.2857157078e-01
 358.5000000    1.2578543122e-01
 359.0000000    1.2299963483e-01
 359.5000000    1.2021711004e-01
 360.0000000    1.1744176732e-01
 360.5000000    1.1467630397e-01
 361.0000000    1.1192401457e-01
 361.5000000    1.0918816781e-01
 362.0000000    1.0647140367e-01
 362.5000000    1.0377664612e-01
 363.0000000    1.0110695591e-01
 363.5000000    9.8464849868e-02
 364.0000000    9.5851576961e-02
 364.5000000    9.3272244512e-02
 365.0000000    9.0727744797e-02
 365.5000000    8.8220201477e-02
 366.0000000    8.5751566556e-02
 366.5000000    8.3323750447e-02
 367.0000000    8.0938357591e-02
 367.5000000    7.8596748095e-02
 368.0000000    7.6300608155e-02
 368.5000000    7.4050776638e-02
 369.0000000    7.1848219589e-02
 369.5000000    6.9694095655e-02
 370.0000000    6.7588950553e-02
 370.5000000    6.5533336924e-02
 371.0000000    6.3527614216e-02
 371.5000000    6.1572194461e-02
 372.0000000    5.9667099897e-02
 372.5000000    5.7812384743e-02
 373.0000000    5.6007962836e-02
 373.5000000    5.4253609383e-02
 374.0000000    5.2548984877e-02
 374.5000000    5.0893689905e-02
 375.0000000    4.9287280887e-02
 375.5000000    4.7728754514e-02
 376.0000000    4.6218014824e-02
 376.5000000    4.4754400446e-02
 377.0000000    4.3336899585e-02
 377.5000000    4.1964681370e-02
 378.0000000    4.0636870714e-02
 378.5000000    3.9352554388e-02
 379.0000000    3.8110786663e-02
 379.5000000    3.6910595419e-02
 380.0000000    3.5750716044e-02
 380.5000000    3.4630687284e-02
 381.0000000    3.3549170691e-02
 381.5000000    3.2505214783e-02
 382.0000000    3.1497745484e-02
 382.5000000    3.0525728622e-02
 383.0000000    2.9587588560e-02
 383.5000000    2.8683396866e-02
 384.0000000    2.7810642503e-02
 384.5000000    2.6969897445e-02
 385.0000000    2.6159851933e-02
 385.5000000    2.5379199054e-02
 386.0000000    2.4625606786e-02
 386.5000000    2.3900869641e-02
 387.0000000    2.3202688507e-02
 387.5000000    2.2530156191e-02
 388.0000000    2.1880397581e-02
 388.5000000    2.1256559391e-02
 389.0000000    2.0653967432e-02
 389.5000000    2.0075458336e-02
 390.0000000    1.9518347054e-02
 390.5000000    1.8981911894e-02
 391.0000000    1.8465242477e-02
 391.5000000    1.7967875407e-02
 392.0000000    1.7488959834e-02
 392.5000000    1.7027808385e-02
 393.0000000    1.6583755444e-02
 393.5000000    1.6156157372e-02
 394.0000000    1.5744392242e-02
 394.5000000    1.5347859109e-02
 395.0000000    1.4965977486e-02
 395.5000000    1.4598187045e-02
 396.0000000    1.4243946999e-02
 396.5000000    1.3902735793e-02
 397.0000000    1.3574050826e-02
 397.5000000    1.3257407900e-02
 398.0000000    1.2952299682e-02
 398.5000000    1.2658360749e-02
 399.0000000    1.2375116675e-02
 399.5000000    1.2102151424e-02
 400.0000000    1.1839031250e-02
 400.5000000    1.1585439526e-02
 401.0000000    1.1340972144e-02
 401.5000000    1.1105273828e-02
 402.0000000    1.0878002642e-02
 402.5000000    1.0658803012e-02
 403.0000000    1.0447413163e-02
 403.5000000    1.0243516182e-02
 404.0000000    1.0046789949e-02
 404.5000000    9.8569707613e-03
 405.0000000    9.6737903338e-03
 405.5000000    9.4969792953e-03
 406.0000000    9.3263174446e-03
 406.5000000    9.1615468490e-03
 407.0000000    9.0024210220e-03
 407.5000000    8.8487621748e-03
 408.0000000    8.7003598134e-03
 408.5000000    8.5569967148e-03
 409.0000000    8.4184797909e-03
 409.5000000    8.2846211905e-03
 410.0000000    8.1552480799e-03
 410.5000000    8.0301875484e-03
 411.0000000    7.9092760658e-03
 411.5000000    7.7923568664e-03
 412.0000000    7.6792797462e-03
 412.5000000    7.5699005885e-03
 413.0000000    7.4640809797e-03
 413.5000000    7.3616879308e-03
 414.0000000    7.2625938793e-03
 414.5000000    7.1666712209e-03
 415.0000000    7.0738138844e-03
 415.5000000    6.9839034924e-03
 416.0000000    6.8968320289e-03
 416.5000000    6.8124956638e-03
 417.0000000    6.7307838396e-03
 417.5000000    6.6516226274e-03
 418.0000000    6.5749094028e-03
 418.5000000    6.5005561949e-03
 419.0000000    6.4284785805e-03
 419.5000000    6.3585954768e-03
 420.0000000    6.2908155175e-03
 420.5000000    6.2250972916e-03
 421.0000000    6.1613431781e-03
 421.5000000    6.0994899051e-03
 422.0000000    6.0394156581e-03
 422.5000000    5.9811708799e-03
 423.0000000    5.9246360719e-03
 423.5000000    5.8696648116e-03
 424.0000000    5.8163799062e-03
 424.5000000    5.7646353377e-03
 425.0000000    5.7143344032e-03
 425.5000000    5.6655208790e-03
 426.0000000    5.6179460933e-03
 426.5000000    5.5718741047e-03
 427.0000000    5.5271006746e-03
 427.5000000    5.4835829097e-03
 428.0000000    5.4412794835e-03
 428.5000000    5.4001508105e-03
 429.0000000    5.3601588070e-03
 429.5000000    5.3212666684e-03
 430.0000000    5.2833925427e-03
 430.5000000    5.2466006636e-03
 431.0000000    5.2106999757e-03
 431.5000000    5.1758785252e-03
 432.0000000    5.1419921397e-03
 432.5000000    5.1090116055e-03
 433.0000000    5.0769088716e-03
 433.5000000    5.0456567194e-03
 434.0000000    5.0152287706e-03
 434.5000000    4.9855994949e-03
 435.0000000    4.9567442850e-03
 435.5000000    4.9286394520e-03
 436.0000000    4.9012623902e-03
 436.5000000    4.8745913240e-03
 437.0000000    4.8486051988e-03
 437.5000000    4.8232836614e-03
 438.0000000    4.7986069995e-03
 438.5000000    4.7745561241e-03
 439.0000000    4.7511126277e-03
 439.5000000    4.7282587777e-03
 440.0000000    4.7059775515e-03
 440.5000000    4.6842525503e-03
 441.0000000    4.6630678225e-03
 441.5000000    4.6424078405e-03
 442.0000000    4.6222575107e-03
 442.5000000    4.6026022041e-03
 443.0000000    4.5834278503e-03
 443.5000000    4.5647208968e-03
 444.0000000    4.5464682085e-03
 444.5000000    4.5286570967e-03
 445.0000000    4.5112753145e-03
 445.5000000    4.4943110341e-03
 446.0000000    4.4777528308e-03
 446.5000000    4.4615896607e-03
 447.0000000    4.4458108279e-03
 447.5000000    4.4304059602e-03
 448.0000000    4.4153649923e-03
 448.5000000    4.4007323495e-03
 449.0000000    4.3863866964e-03
 449.5000000    4.3723765848e-03
 450.0000000    4.3586931203e-03
 450.5000000    4.3453276646e-03
 451.0000000    4.3322718607e-03
 451.5000000    4.3195175545e-03
 452.0000000    4.3070568302e-03
 452.5000000    4.2948820272e-03
 453.0000000    4.2829856933e-03
 453.5000000    4.2713606246e-03
 454.0000000    4.2599998337e-03
 454.5000000    4.2488965199e-03
 455.0000000    4.2380440654e-03
 455.5000000    4.2274360214e-03
 456.0000000    4.2170661419e-03
 456.5000000    4.2069283732e-03
 457.0000000    4.1970168822e-03
 457.5000000    4.1873259503e-03
 458.0000000    4.1778499384e-03
 458.5000000    4.1685833683e-03
 459.0000000    4.1595209713e-03
 459.5000000    4.1506576801e-03
 460.0000000    4.1419886018e-03
 460.5000000    4.1335089676e-03
 461.0000000    4.1252141185e-03
 461.5000000    4.1170995237e-03
 462.0000000    4.1091607482e-03
 462.5000000    4.1013934494e-03
 463.0000000    4.0937934037e-03
 463.5000000    4.0863565030e-03
 464.0000000    4.0790787534e-03
 464.5000000    4.0719562636e-03
 465.0000000    4.0649852324e-03
 465.5000000    4.0581619517e-03
 466.0000000    4.0514828113e-03
 466.5000000    4.0449443117e-03
 467.0000000    4.0385430577e-03
 467.5000000    4.0322757478e-03
 468.0000000    4.0261391615e-03
 468.5000000    4.0201301508e-03
 469.0000000    4.0142456424e-03
 469.5000000    4.0084826466e-03
 470.0000000    4.0028382634e-03
 470.5000000    3.9973096742e-03
 471.0000000    3.9918941287e-03
 471.5000000    3.9865889425e-03
 472.0000000    3.9813914897e-03
 472.5000000    3.9762992049e-03
 473.0000000    3.9713095924e-03
 473.5000000    3.9664202291e-03
 474.0000000    3.9616287589e-03
 474.5000000    3.9569328841e-03
 475.0000000    3.9523303587e-03
 475.5000000    3.9478189841e-03
 476.0000000    3.9433966118e-03
 476.5000000    3.9390611510e-03
 477.0000000    3.9348105726e-03
 477.5000000    3.9306429020e-03
 478.0000000    3.9265562128e-03
 478.5000000    3.9225486190e-03
 479.0000000    3.9186182726e-03
 479.5000000    3.9147633695e-03
 480.0000000    3.9109821547e-03
 480.5000000    3.9072729249e-03
 481.0000000    3.9036340234e-03
 481.5000000    3.9000638307e-03
 482.0000000    3.8965607586e-03
 482.5000000    3.8931232504e-03
 483.0000000    3.8897497876e-03
 483.5000000    3.8864388961e-03
 484.0000000    3.8831891456e-03
 484.5000000    3.8799991427e-03
 485.0000000    3.8768675223e-03
 485.5000000    3.8737929449e-03
 486.0000000    3.8707740982e-03
 486.5000000    3.8678097041e-03
 487.0000000    3.8648985236e-03
 487.5000000    3.8620393545e-03
 488.0000000    3.8592310239e-03
 488.5000000    3.8564723799e-03
 489.0000000    3.8537622906e-03
 489.5000000    3.8510996490e-03
 490.0000000    3.8484833796e-03
 490.5000000    3.8459124407e-03
 491.0000000    3.8433858201e-03
 491.5000000    3.8409025273e-03
 492.0000000    3.8384615878e-03
 492.5000000    3.8360620440e-03
 493.0000000    3.8337029617e-03
 493.5000000    3.8313834356e-03
 494.0000000    3.8291025897e-03
 494.5000000    3.8268595714e-03
 495.0000000    3.8246535435e-03
 495.5000000    3.8224836812e-03
 496.0000000    3.8203491756e-03
 496.5000000    3.8182492399e-03
 497.0000000    3.8161831142e-03
 497.5000000    3.8141500625e-03
 498.0000000    3.8121493657e-03
 498.5000000    3.8101803156e-03
 499.0000000    3.8082422135e-03
 499.5000000    3.8063343760e-03
 500.0000000    3.8044561411e-03
 500.5000000    3.8026068704e-03
 501.0000000    3.8007859438e-03
 501.5000000    3.7989927531e-03
 502.0000000    3.7972266967e-03
 502.5000000    3.7954871823e-03
 503.0000000    3.7937736321e-03
 503.5000000    3.7920854883e-03
 504.0000000    3.7904222122e-03
 504.5000000    3.7887832787e-03
 505.0000000    3.7871681693e-03
 505.5000000    3.7855763710e-03
 506.0000000    3.7840073799e-03
 506.5000000    3.7824607077e-03
 507.0000000    3.7809358853e-03
 507.5000000    3.7794324594e-03
 508.0000000    3.7779499859e-03
 508.5000000    3.7764880252e-03
 509.0000000    3.7750461430e-03
 509.5000000    3.7736239155e-03
 510.0000000    3.7722209354e-03
 510.5000000    3.7708368113e-03
 511.0000000    3.7694711637e-03
 511.5000000    3.7681236182e-03
 512.0000000    3.7667938032e-03
 512.5000000    3.7654813522e-03
 513.0000000    3.7641859099e-03
 513.5000000    3.7629071352e-03
 514.0000000    3.7616447002e-03
 514.5000000    3.7603982837e-03
 515.0000000    3.7591675670e-03
 515.5000000    3.7579522328e-03
 516.0000000    3.7567519703e-03
 516.5000000    3.7555664798e-03
 517.0000000    3.7543954749e-03
 517.5000000    3.7532386788e-03
 518.0000000    3.7520958180e-03
 518.5000000    3.7509666195e-03
 519.0000000    3.7498508130e-03
 519.5000000    3.7487481356e-03
 520.0000000    3.7476583361e-03
 520.5000000    3.7465811741e-03
 521.0000000    3.7455164151e-03
 521.5000000    3.7444638257e-03
 522.0000000    3.7434231730e-03
 522.5000000    3.7423942277e-03
 523.0000000    3.7413767691e-03
 523.5000000    3.7403705873e-03
 524.0000000    3.7393754805e-03
 524.5000000    3.7383912503e-03
 525.0000000    3.7374176976e-03
 525.5000000    3.7364546245e-03
 526.0000000    3.7355018377e-03
 526.5000000    3.7345591534e-03
 527.0000000    3.7336263966e-03
 527.5000000    3.7327033977e-03
 528.0000000    3.7317899872e-03
 528.5000000    3.7308859950e-03
 529.0000000    3.7299912520e-03
 529.5000000    3.7291055956e-03
 530.0000000    3.7282288714e-03
 530.5000000    3.7273609318e-03
 531.0000000    3.7265016315e-03
 531.5000000    3.7256508241e-03
 532.0000000    3.7248083626e-03
 532.5000000    3.7239741030e-03
 533.0000000    3.7231479082e-03
 533.5000000    3.7223296487e-03
 534.0000000    3.7215191994e-03
 534.5000000    3.7207164356e-03
 535.0000000    3.7199212309e-03
 535.5000000    3.7191334595e-03
 536.0000000    3.7183529998e-03
 536.5000000    3.7175797370e-03
 537.0000000    3.7168135625e-03
 537.5000000    3.7160543695e-03
 538.0000000    3.7153020499e-03
 538.5000000    3.7145564945e-03
 539.0000000    3.7138175951e-03
 539.5000000    3.7130852489e-03
 540.0000000    3.7123593591e-03
 540.5000000    3.7116398331e-03
 541.0000000    3.7109265781e-03
 541.5000000    3.7102194997e-03
 542.0000000    3.7095185030e-03
 542.5000000    3.7088234964e-03
 543.0000000    3.7081343939e-03
 543.5000000    3.7074511150e-03
 544.0000000    3.7067735820e-03
 544.5000000    3.7061017161e-03
 545.0000000    3.7054354371e-03
 545.5000000    3.7047746658e-03
 546.0000000    3.7041193272e-03
 546.5000000    3.7034693517e-03
 547.0000000    3.7028246731e-03
 547.5000000    3.7021852254e-03
 548.0000000    3.7015509402e-03
 548.5000000    3.7009217477e-03
 549.0000000    3.7002975793e-03
 549.5000000    3.6996783704e-03
 550.0000000    3.6990640604e-03
 550.5000000    3.6984545901e-03
 551.0000000    3.6978498987e-03
 551.5000000    3.6972499236e-03
 552.0000000    3.6966546018e-03
 552.5000000    3.6960638730e-03
 553.0000000    3.6954776815e-03
 553.5000000    3.6948959751e-03
 554.0000000    3.6943187020e-03
 554.5000000    3.6937458093e-03
 555.0000000    3.6931772424e-03
 555.5000000    3.6926129483e-03
 556.0000000    3.6920528774e-03
 556.5000000    3.6914969845e-03
 557.0000000    3.6909452265e-03
 557.5000000    3.6903975589e-03
 558.0000000    3.6898539354e-03
 558.5000000    3.6893143086e-03
 559.0000000    3.6887786329e-03
 559.5000000    3.6882468660e-03
 560.0000000    3.6877189678e-03
 560.5000000    3.6871948981e-03
 561.0000000    3.6866746145e-03
 561.5000000    3.6861580728e-03
 562.0000000    3.6856452286e-03
 562.5000000    3.6851360401e-03
 563.0000000    3.6846304689e-03
 563.5000000    3.6841284784e-03
 564.0000000    3.6836300316e-03
 564.5000000    3.6831350903e-03
 565.0000000    3.6826436155e-03
 565.5000000    3.6821555698e-03
 566.0000000    3.6816709191e-03
 566.5000000    3.6811896323e-03
 567.0000000    3.6807116791e-03
 567.5000000    3.6802370280e-03
 568.0000000    3.6797656455e-03
 568.5000000    3.6792974975e-03
 569.0000000    3.6788325520e-03
 569.5000000    3.6783707798e-03
 570.0000000    3.6779121534e-03
 570.5000000    3.6774566447e-03
 571.0000000    3.6770042237e-03
 571.5000000    3.6765548589e-03
 572.0000000    3.6761085198e-03
 572.5000000    3.6756651785e-03
 573.0000000    3.6752248095e-03
 573.5000000    3.6747873877e-03
 574.0000000    3.6743528871e-03
 574.5000000    3.6739212798e-03
 575.0000000    3.6734925373e-03
 575.5000000    3.6730666326e-03
 576.0000000    3.6726435410e-03
 576.5000000    3.6722232395e-03
 577.0000000    3.6718057050e-03
 577.5000000    3.6713909130e-03
 578.0000000    3.6709788375e-03
 578.5000000    3.6705694525e-03
 579.0000000    3.6701627341e-03
 579.5000000    3.6697586606e-03
 580.0000000    3.6693572112e-03
 580.5000000    3.6689583641e-03
 581.0000000    3.6685620957e-03
 581.5000000    3.6681683811e-03
 582.0000000    3.6677771965e-03
 582.5000000    3.6673885203e-03
 583.0000000    3.6670023328e-03
 583.5000000    3.6666186142e-03
 584.0000000    3.6662373432e-03
 584.5000000    3.6658584968e-03
 585.0000000    3.6654820523e-03
 585.5000000    3.6651079885e-03
 586.0000000    3.6647362864e-03
 586.5000000    3.6643669280e-03
 587.0000000    3.6639998947e-03
 587.5000000    3.6636351664e-03
 588.0000000    3.6632727221e-03
 588.5000000    3.6629125415e-03
 589.0000000    3.6625546065e-03
 589.5000000    3.6621989005e-03
 590.0000000    3.6618454076e-03
 590.5000000    3.6614941106e-03
 591.0000000    3.6611449908e-03
 591.5000000    3.6607980291e-03
 592.0000000    3.6604532074e-03
 592.5000000    3.6601105097e-03
 593.0000000    3.6597699211e-03
 593.5000000    3.6594314265e-03
 594.0000000    3.6590950089e-03
 594.5000000    3.6587606501e-03
 595.0000000    3.6584283318e-03
 595.5000000    3.6580980379e-03
 596.0000000    3.6577697539e-03
 596.5000000    3.6574434658e-03
 597.0000000    3.6571191581e-03
 597.5000000    3.6567968140e-03
 598.0000000    3.6564764158e-03
 598.5000000    3.6561579471e-03
 599.0000000    3.6558413932e-03
 599.5000000    3.6555267408e-03
 600.0000000    3.6552139761e-03
 600.5000000    3.6549030840e-03
 601.0000000    3.6545940481e-03
 601.5000000    3.6542868521e-03
 602.0000000    3.6539814811e-03
 602.5000000    3.6536779221e-03
 603.0000000    3.6533761627e-03
 603.5000000    3.6530761896e-03
 604.0000000    3.6527779881e-03
 604.5000000    3.6524815424e-03
 605.0000000    3.6521868375e-03
 605.5000000    3.6518938602e-03
 606.0000000    3.6516025991e-03
 606.5000000    3.6513130422e-03
 607.0000000    3.6510251764e-03
 607.5000000    3.6507389870e-03
 608.0000000    3.6504544591e-03
 608.5000000    3.6501715795e-03
 609.0000000    3.6498903368e-03
 609.5000000    3.6496107201e-03
 610.0000000    3.6493327176e-03
 610.5000000    3.6490563161e-03
 611.0000000    3.6487815013e-03
 611.5000000    3.6485082598e-03
 612.0000000    3.6482365797e-03
 612.5000000    3.6479664505e-03
 613.0000000    3.6476978615e-03
 613.5000000    3.6474308013e-03
 614.0000000    3.6471652564e-03
 614.5000000    3.6469012136e-03
 615.0000000    3.6466386603e-03
 615.5000000    3.6463775863e-03
 616.0000000    3.6461179817e-03
 616.5000000    3.6458598364e-03
 617.0000000    3.6456031385e-03
 617.5000000    3.6453478749e-03
 618.0000000    3.6450940330e-03
 618.5000000    3.6448416021e-03
 619.0000000    3.6445905729e-03
 619.5000000    3.6443409363e-03
 620.0000000    3.6440926818e-03
 620.5000000    3.6438457975e-03
 621.0000000    3.6436002710e-03
 621.5000000    3.6433560913e-03
 622.0000000    3.6431132493e-03
 622.5000000    3.6428717368e-03
 623.0000000    3.6426315445e-03
 623.5000000    3.6423926619e-03
 624.0000000    3.6421550772e-03
 624.5000000    3.6419187794e-03
 625.0000000    3.6416837588e-03
 625.5000000    3.6414500072e-03
 626.0000000    3.6412175166e-03
 626.5000000    3.6409862776e-03
 627.0000000    3.6407562794e-03
 627.5000000    3.6405275110e-03
 628.0000000    3.6402999620e-03
 628.5000000    3.6400736238e-03
 629.0000000    3.6398484890e-03
 629.5000000    3.6396245495e-03
 630.0000000    3.6394017956e-03
 630.5000000    3.6391802165e-03
 631.0000000    3.6389598015e-03
 631.5000000    3.6387405417e-03
 632.0000000    3.6385224299e-03
 632.5000000    3.6383054590e-03
 633.0000000    3.6380896207e-03
 633.5000000    3.6378749049e-03
 634.0000000    3.6376613011e-03
 634.5000000    3.6374488000e-03
 635.0000000    3.6372373941e-03
 635.5000000    3.6370270770e-03
 636.0000000    3.6368178411e-03
 636.5000000    3.6366096777e-03
 637.0000000    3.6364025767e-03
 637.5000000    3.6361965287e-03
 638.0000000    3.6359915257e-03
 638.5000000    3.6357875613e-03
 639.0000000    3.6355846291e-03
 639.5000000    3.6353827218e-03
 640.0000000    3.6351818302e-03
 640.5000000    3.6349819450e-03
 641.0000000    3.6347830578e-03
 641.5000000    3.6345851618e-03
 642.0000000    3.6343882513e-03
 642.5000000    3.6341923202e-03
 643.0000000    3.6339973607e-03
 643.5000000    3.6338033636e-03
 644.0000000    3.6336103203e-03
 644.5000000    3.6334182236e-03
 645.0000000    3.6332270681e-03
 645.5000000    3.6330368481e-03
 646.0000000    3.6328475572e-03
 646.5000000    3.6326591869e-03
 647.0000000    3.6324717285e-03
 647.5000000    3.6322851743e-03
 648.0000000    3.6320995186e-03
 648.5000000    3.6319147565e-03
 649.0000000    3.6317308824e-03
 649.5000000    3.6315478892e-03
 650.0000000    3.6313657685e-03
 650.5000000    3.6311845124e-03
 651.0000000    3.6310041148e-03
 651.5000000    3.6308245709e-03
 652.0000000    3.6306458762e-03
 652.5000000    3.6304680244e-03
 653.0000000    3.6302910080e-03
 653.5000000    3.6301148191e-03
 654.0000000    3.6299394511e-03
 654.5000000    3.6297648987e-03
 655.0000000    3.6295911575e-03
 655.5000000    3.6294182222e-03
 656.0000000    3.6292460861e-03
 656.5000000    3.6290747412e-03
 657.0000000    3.6289041801e-03
 657.5000000    3.6287343966e-03
 658.0000000    3.6285653859e-03
 658.5000000    3.6283971435e-03
 659.0000000    3.6282296635e-03
 659.5000000    3.6280629388e-03
 660.0000000    3.6278969616e-03
 660.5000000    3.6277317254e-03
 661.0000000    3.6275672255e-03
 661.5000000    3.6274034583e-03
 662.0000000    3.6272404195e-03
 662.5000000    3.6270781031e-03
 663.0000000    3.6269165020e-03
 663.5000000    3.6267556096e-03
 664.0000000    3.6265954211e-03
 664.5000000    3.6264359333e-03
 665.0000000    3.6262771426e-03
 665.5000000    3.6261190440e-03
 666.0000000    3.6259616309e-03
 666.5000000    3.6258048967e-03
 667.0000000    3.6256488359e-03
 667.5000000    3.6254934450e-03
 668.0000000    3.6253387205e-03
 668.5000000    3.6251846583e-03
 669.0000000    3.6250312527e-03
 669.5000000    3.6248784972e-03
 670.0000000    3.6247263859e-03
 670.5000000    3.6245749142e-03
 671.0000000    3.6244240788e-03
 671.5000000    3.6242738762e-03
 672.0000000    3.6241243019e-03
 672.5000000    3.6239753497e-03
 673.0000000    3.6238270137e-03
 673.5000000    3.6236792887e-03
 674.0000000    3.6235321712e-03
 674.5000000    3.6233856583e-03
 675.0000000    3.6232397467e-03
 675.5000000    3.6230944312e-03
 676.0000000    3.6229497055e-03
 676.5000000    3.6228055640e-03
 677.0000000    3.6226620026e-03
 677.5000000    3.6225190186e-03
 678.0000000    3.6223766092e-03
 678.5000000    3.6222347697e-03
 679.0000000    3.6220934942e-03
 679.5000000    3.6219527765e-03
 680.0000000    3.6218126120e-03
 680.5000000    3.6216729976e-03
 681.0000000    3.6215339308e-03
 681.5000000    3.6213954079e-03
 682.0000000    3.6212574236e-03
 682.5000000    3.6211199720e-03
 683.0000000    3.6209830484e-03
 683.5000000    3.6208466493e-03
 684.0000000    3.6207107725e-03
 684.5000000    3.6205754152e-03
 685.0000000    3.6204405732e-03
 685.5000000    3.6203062414e-03
 686.0000000    3.6201724145e-03
 686.5000000    3.6200390885e-03
 687.0000000    3.6199062609e-03
 687.5000000    3.6197739292e-03
 688.0000000    3.6196420901e-03
 688.5000000    3.6195107389e-03
 689.0000000    3.6193798704e-03
 689.5000000    3.6192494797e-03
 690.0000000    3.6191195637e-03
 690.5000000    3.6189901205e-03
 691.0000000    3.6188611476e-03
 691.5000000    3.6187326413e-03
 692.0000000    3.6186045966e-03
 692.5000000    3.6184770085e-03
 693.0000000    3.6183498738e-03
 693.5000000    3.6182231905e-03
 694.0000000    3.6180969570e-03
 694.5000000    3.6179711704e-03
 695.0000000    3.6178458263e-03
 695.5000000    3.6177209199e-03
 696.0000000    3.6175964473e-03
 696.5000000    3.6174724059e-03
 697.0000000    3.6173487941e-03
 697.5000000    3.6172256096e-03
 698.0000000    3.6171028482e-03
 698.5000000    3.6169805051e-03
 699.0000000    3.6168585755e-03
 699.5000000    3.6167370559e-03
 700.0000000    3.6166159440e-03
 700.5000000    3.6164952376e-03
 701.0000000    3.6163749332e-03
 701.5000000    3.6162550258e-03
 702.0000000    3.6161355102e-03
 702.5000000    3.6160163822e-03
 703.0000000    3.6158976389e-03
 703.5000000    3.6157792781e-03
 704.0000000    3.6156612973e-03
 704.5000000    3.6155436925e-03
 705.0000000    3.6154264589e-03
 705.5000000    3.6153095924e-03
 706.0000000    3.6151930904e-03
 706.5000000    3.6150769516e-03
 707.0000000    3.6149611751e-03
 707.5000000    3.6148457588e-03
 708.0000000    3.6147306994e-03
 708.5000000    3.6146159935e-03
 709.0000000    3.6145016389e-03
 709.5000000    3.6143876350e-03
 710.0000000    3.6142739813e-03
 710.5000000    3.6141606768e-03
 711.0000000    3.6140477188e-03
 711.5000000    3.6139351037e-03
 712.0000000    3.6138228284e-03
 712.5000000    3.6137108911e-03
 713.0000000    3.6135992906e-03
 713.5000000    3.6134880255e-03
 714.0000000    3.6133770929e-03
 714.5000000    3.6132664889e-03
 715.0000000    3.6131562094e-03
 715.5000000    3.6130462509e-03
 716.0000000    3.6129366117e-03
 716.5000000    3.6128272902e-03
 717.0000000    3.6127182840e-03
 717.5000000    3.6126095897e-03
 718.0000000    3.6125012031e-03
 718.5000000    3.6123931206e-03
 719.0000000    3.6122853404e-03
 719.5000000    3.6121778612e-03
 720.0000000    3.6120706819e-03
 720.5000000    3.6119638002e-03
 721.0000000    3.6118572123e-03
 721.5000000    3.6117509148e-03
 722.0000000    3.6116449053e-03
 722.5000000    3.6115391827e-03
 723.0000000    3.6114337463e-03
 723.5000000    3.6113285941e-03
 724.0000000    3.6112237231e-03
 724.5000000    3.6111191296e-03
 725.0000000    3.6110148108e-03
 725.5000000    3.6109107652e-03
 726.0000000    3.6108069921e-03
 726.5000000    3.6107034904e-03
 727.0000000    3.6106002577e-03
 727.5000000    3.6104972906e-03
 728.0000000    3.6103945860e-03
 728.5000000    3.6102921419e-03
 729.0000000    3.6101899576e-03
 729.5000000    3.6100880325e-03
 730.0000000    3.6099863647e-03
 730.5000000    3.6098849513e-03
 731.0000000    3.6097837892e-03
 731.5000000    3.6096828761e-03
 732.0000000    3.6095822107e-03
 732.5000000    3.6094817926e-03
 733.0000000    3.6093816207e-03
 733.5000000    3.6092816927e-03
 734.0000000    3.6091820055e-03
 734.5000000    3.6090825561e-03
 735.0000000    3.6089833429e-03
 735.5000000    3.6088843652e-03
 736.0000000    3.6087856223e-03
 736.5000000    3.6086871124e-03
 737.0000000    3.6085888327e-03
 737.5000000    3.6084907801e-03
 738.0000000    3.6083929525e-03
 738.5000000    3.6082953487e-03
 739.0000000    3.6081979684e-03
 739.5000000    3.6081008103e-03
 740.0000000    3.6080038720e-03
 740.5000000    3.6079071504e-03
 741.0000000    3.6078106429e-03
 741.5000000    3.6077143478e-03
 742.0000000    3.6076182646e-03
 742.5000000    3.6075223927e-03
 743.0000000    3.6074267302e-03
 743.5000000    3.6073312744e-03
 744.0000000    3.6072360224e-03
 744.5000000    3.6071409721e-03
 745.0000000    3.6070461229e-03
 745.5000000    3.6069514743e-03
 746.0000000    3.6068570252e-03
 746.5000000    3.6067627731e-03
 747.0000000    3.6066687152e-03
 747.5000000    3.6065748491e-03
 748.0000000    3.6064811735e-03
 748.5000000    3.6063876883e-03
 749.0000000    3.6062943929e-03
 749.5000000    3.6062012856e-03
 750.0000000    3.6061083638e-03
 750.5000000    3.6060156249e-03
 751.0000000    3.6059230674e-03
 751.5000000    3.6058306910e-03
 752.0000000    3.6057384955e-03
 752.5000000    3.6056464796e-03
 753.0000000    3.6055546413e-03
 753.5000000    3.6054629777e-03
 754.0000000    3.6053714869e-03
 754.5000000    3.6052801680e-03
 755.0000000    3.6051890208e-03
 755.5000000    3.6050980445e-03
 756.0000000    3.6050072373e-03
 756.5000000    3.6049165963e-03
 757.0000000    3.6048261190e-03
 757.5000000    3.6047358041e-03
 758.0000000    3.6046456508e-03
 758.5000000    3.6045556586e-03
 759.0000000    3.6044658260e-03
 759.5000000    3.6043761503e-03
 760.0000000    3.6042866288e-03
 760.5000000    3.6041972594e-03
 761.0000000    3.6041080411e-03
 761.5000000    3.6040189734e-03
 762.0000000    3.6039300551e-03
 762.5000000    3.6038412842e-03
 763.0000000    3.6037526580e-03
 763.5000000    3.6036641743e-03
 764.0000000    3.6035758316e-03
 764.5000000    3.6034876296e-03
 765.0000000    3.6033995678e-03
 765.5000000    3.6033116449e-03
 766.0000000    3.6032238586e-03
 766.5000000    3.6031362064e-03
 767.0000000    3.6030486868e-03
 767.5000000    3.6029612991e-03
 768.0000000    3.6028740430e-03
 768.5000000    3.6027869177e-03
 769.0000000    3.6026999213e-03
 769.5000000    3.6026130512e-03
 770.0000000    3.6025263055e-03
 770.5000000    3.6024396831e-03
 771.0000000    3.6023531838e-03
 771.5000000    3.6022668071e-03
 772.0000000    3.6021805515e-03
 772.5000000    3.6020944148e-03
 773.0000000    3.6020083945e-03
 773.5000000    3.6019224892e-03
 774.0000000    3.6018366983e-03
 774.5000000    3.6017510213e-03
 775.0000000    3.6016654571e-03
 775.5000000    3.6015800036e-03
 776.0000000    3.6014946580e-03
 776.5000000    3.6014094184e-03
 777.0000000    3.6013242835e-03
 777.5000000    3.6012392529e-03
 778.0000000    3.6011543259e-03
 778.5000000    3.6010695004e-03
 779.0000000    3.6009847738e-03
 779.5000000    3.6009001438e-03
 780.0000000    3.6008156087e-03
 780.5000000    3.6007311680e-03
 781.0000000    3.6006468210e-03
 781.5000000    3.6005625664e-03
 782.0000000    3.6004784018e-03
 782.5000000    3.6003943248e-03
 783.0000000    3.6003103336e-03
 783.5000000    3.6002264273e-03
 784.0000000    3.6001426054e-03
 784.5000000    3.6000588672e-03
 785.0000000    3.5999752110e-03
 785.5000000    3.5998916343e-03
 786.0000000    3.5998081350e-03
 786.5000000    3.5997247120e-03
 787.0000000    3.5996413647e-03
 787.5000000    3.5995580928e-03
 788.0000000    3.5994748950e-03
 788.5000000    3.5993917691e-03
 789.0000000    3.5993087129e-03
 789.5000000    3.5992257249e-03
 790.0000000    3.5991428043e-03
 790.5000000    3.5990599509e-03
 791.0000000    3.5989771638e-03
 791.5000000    3.5988944413e-03
 792.0000000    3.5988117812e-03
 792.5000000    3.5987291813e-03
 793.0000000    3.5986466408e-03
 793.5000000    3.5985641593e-03
 794.0000000    3.5984817363e-03
 794.5000000    3.5983993706e-03
 795.0000000    3.5983170600e-03
 795.5000000    3.5982348024e-03
 796.0000000    3.5981525965e-03
 796.5000000    3.5980704417e-03
 797.0000000    3.5979883377e-03
 797.5000000    3.5979062838e-03
 798.0000000    3.5978242779e-03
 798.5000000    3.5977423180e-03
 799.0000000    3.5976604023e-03
 799.5000000    3.5975785302e-03
 800.0000000    3.5974967011e-03
 800.5000000    3.5974149147e-03
 801.0000000    3.5973331695e-03
 801.5000000    3.5972514634e-03
 802.0000000    3.5971697944e-03
 802.5000000    3.5970881613e-03
 803.0000000    3.5970065635e-03
 803.5000000    3.5969250005e-03
 804.0000000    3.5968434714e-03
 804.5000000    3.5967619742e-03
 805.0000000    3.5966805068e-03
 805.5000000    3.5965990676e-03
 806.0000000    3.5965176557e-03
 806.5000000    3.5964362709e-03
 807.0000000    3.5963549126e-03
 807.5000000    3.5962735794e-03
 808.0000000    3.5961922691e-03
 808.5000000    3.5961109799e-03
 809.0000000    3.5960297108e-03
 809.5000000    3.5959484612e-03
 810.0000000    3.5958672311e-03
 810.5000000    3.5957860193e-03
 811.0000000    3.5957048240e-03
 811.5000000    3.5956236433e-03
 812.0000000    3.5955424756e-03
 812.5000000    3.5954613206e-03
 813.0000000    3.5953801780e-03
 813.5000000    3.5952990474e-03
 814.0000000    3.5952179272e-03
 814.5000000    3.5951368153e-03
 815.0000000    3.5950557101e-03
 815.5000000    3.5949746106e-03
 816.0000000    3.5948935167e-03
 816.5000000    3.5948124281e-03
 817.0000000    3.5947313434e-03
 817.5000000    3.5946502607e-03
 818.0000000    3.5945691781e-03
 818.5000000    3.5944880944e-03
 819.0000000    3.5944070094e-03
 819.5000000    3.5943259228e-03
 820.0000000    3.5942448340e-03
 820.5000000    3.5941637415e-03
 821.0000000    3.5940826434e-03
 821.5000000    3.5940015383e-03
 822.0000000    3.5939204256e-03
 822.5000000    3.5938393052e-03
 823.0000000    3.5937581767e-03
 823.5000000    3.5936770388e-03
 824.0000000    3.5935958895e-03
 824.5000000    3.5935147270e-03
 825.0000000    3.5934335505e-03
 825.5000000    3.5933523596e-03
 826.0000000    3.5932711539e-03
 826.5000000    3.5931899326e-03
 827.0000000    3.5931086941e-03
 827.5000000    3.5930274368e-03
 828.0000000    3.5929461597e-03
 828.5000000    3.5928648622e-03
 829.0000000    3.5927835442e-03
 829.5000000    3.5927022054e-03
 830.0000000    3.5926208448e-03
 830.5000000    3.5925394608e-03
 831.0000000    3.5924580519e-03
 831.5000000    3.5923766170e-03
 832.0000000    3.5922951560e-03
 832.5000000    3.5922136684e-03
 833.0000000    3.5921321534e-03
 833.5000000    3.5920506093e-03
 834.0000000    3.5919690341e-03
 834.5000000    3.5918874266e-03
 835.0000000    3.5918057862e-03
 835.5000000    3.5917241127e-03
 836.0000000    3.5916424055e-03
 836.5000000    3.5915606633e-03
 837.0000000    3.5914788845e-03
 837.5000000    3.5913970675e-03
 838.0000000    3.5913152118e-03
 838.5000000    3.5912333170e-03
 839.0000000    3.5911513832e-03
 839.5000000    3.5910694096e-03
 840.0000000    3.5909873948e-03
 840.5000000    3.5909053372e-03
 841.0000000    3.5908232356e-03
 841.5000000    3.5907410899e-03
 842.0000000    3.5906589002e-03
 842.5000000    3.5905766659e-03
 843.0000000    3.5904943856e-03
 843.5000000    3.5904120574e-03
 844.0000000    3.5903296799e-03
 844.5000000    3.5902472525e-03
 845.0000000    3.5901647752e-03
 845.5000000    3.5900822477e-03
 846.0000000    3.5899996687e-03
 846.5000000    3.5899170366e-03
 847.0000000    3.5898343500e-03
 847.5000000    3.5897516082e-03
 848.0000000    3.5896688111e-03
 848.5000000    3.5895859588e-03
 849.0000000    3.5895030507e-03
 849.5000000    3.5894200856e-03
 850.0000000    3.5893370625e-03
 850.5000000    3.5892539804e-03
 851.0000000    3.5891708393e-03
 851.5000000    3.5890876396e-03
 852.0000000    3.5890043815e-03
 852.5000000    3.5889210644e-03
 853.0000000    3.5888376872e-03
 853.5000000    3.5887542489e-03
 854.0000000    3.5886707493e-03
 854.5000000    3.5885871888e-03
 855.0000000    3.5885035675e-03
 855.5000000    3.5884198848e-03
 856.0000000    3.5883361392e-03
 856.5000000    3.5882523291e-03
 857.0000000    3.5881684535e-03
 857.5000000    3.5880845117e-03
 858.0000000    3.5880005034e-03
 858.5000000    3.5879164276e-03
 859.0000000    3.5878322824e-03
 859.5000000    3.5877480661e-03
 860.0000000    3.5876637770e-03
 860.5000000    3.5875794140e-03
 861.0000000    3.5874949766e-03
 861.5000000    3.5874104643e-03
 862.0000000    3.5873258760e-03
 862.5000000    3.5872412104e-03
 863.0000000    3.5871564659e-03
 863.5000000    3.5870716415e-03
 864.0000000    3.5869867372e-03
 864.5000000    3.5869017530e-03
 865.0000000    3.5868166888e-03
 865.5000000    3.5867315434e-03
 866.0000000    3.5866463156e-03
 866.5000000    3.5865610043e-03
 867.0000000    3.5864756094e-03
 867.5000000    3.5863901311e-03
 868.0000000    3.5863045694e-03
 868.5000000    3.5862189234e-03
 869.0000000    3.5861331917e-03
 869.5000000    3.5860473733e-03
 870.0000000    3.5859614676e-03
 870.5000000    3.5858754746e-03
 871.0000000    3.5857893944e-03
 871.5000000    3.5857032262e-03
 872.0000000    3.5856169690e-03
 872.5000000    3.5855306216e-03
 873.0000000    3.5854441832e-03
 873.5000000    3.5853576533e-03
 874.0000000    3.5852710320e-03
 874.5000000    3.5851843191e-03
 875.0000000    3.5850975138e-03
 875.5000000    3.5850106147e-03
 876.0000000    3.5849236206e-03
 876.5000000    3.5848365309e-03
 877.0000000    3.5847493456e-03
 877.5000000    3.5846620646e-03
 878.0000000    3.5845746873e-03
 878.5000000    3.5844872124e-03
 879.0000000    3.5843996384e-03
 879.5000000    3.5843119644e-03
 880.0000000    3.5842241902e-03
 880.5000000    3.5841363157e-03
 881.0000000    3.5840483404e-03
 881.5000000    3.5839602633e-03
 882.0000000    3.5838720829e-03
 882.5000000    3.5837837980e-03
 883.0000000    3.5836954083e-03
 883.5000000    3.5836069135e-03
 884.0000000    3.5835183136e-03
 884.5000000    3.5834296078e-03
 885.0000000    3.5833407950e-03
 885.5000000    3.5832518740e-03
 886.0000000    3.5831628438e-03
 886.5000000    3.5830737044e-03
 887.0000000    3.5829844559e-03
 887.5000000    3.5828950981e-03
 888.0000000    3.5828056300e-03
 888.5000000    3.5827160501e-03
 889.0000000    3.5826263573e-03
 889.5000000    3.5825365512e-03
 890.0000000    3.5824466320e-03
 890.5000000    3.5823565996e-03
 891.0000000    3.5822664529e-03
 891.5000000    3.5821761904e-03
 892.0000000    3.5820858106e-03
 892.5000000    3.5819953128e-03
 893.0000000    3.5819046969e-03
 893.5000000    3.5818139627e-03
 894.0000000    3.5817231095e-03
 894.5000000    3.5816321357e-03
 895.0000000    3.5815410398e-03
 895.5000000    3.5814498207e-03
 896.0000000    3.5813584781e-03
 896.5000000    3.5812670118e-03
 897.0000000    3.5811754213e-03
 897.5000000    3.5810837054e-03
 898.0000000    3.5809918625e-03
 898.5000000    3.5808998911e-03
 899.0000000    3.5808077907e-03
 899.5000000    3.5807155610e-03
 900.0000000    3.5806232018e-03
 900.5000000    3.5805307120e-03
 901.0000000    3.5804380900e-03
 901.5000000    3.5803453342e-03
 902.0000000    3.5802524436e-03
 902.5000000    3.5801594178e-03
 903.0000000    3.5800662566e-03
 903.5000000    3.5799729591e-03
 904.0000000    3.5798795239e-03
 904.5000000    3.5797859492e-03
 905.0000000    3.5796922336e-03
 905.5000000    3.5795983766e-03
 906.0000000    3.5795043779e-03
 906.5000000    3.5794102369e-03
 907.0000000    3.5793159522e-03
 907.5000000    3.5792215223e-03
 908.0000000    3.5791269458e-03
 908.5000000    3.5790322216e-03
 909.0000000    3.5789373495e-03
 909.5000000    3.5788423289e-03
 910.0000000    3.5787471590e-03
 910.5000000    3.5786518384e-03
 911.0000000    3.5785563654e-03
 911.5000000    3.5784607389e-03
 912.0000000    3.5783649584e-03
 912.5000000    3.5782690234e-03
 913.0000000    3.5781729335e-03
 913.5000000    3.5780766874e-03
 914.0000000    3.5779802837e-03
 914.5000000    3.5778837211e-03
 915.0000000    3.5777869989e-03
 915.5000000    3.5776901169e-03
 916.0000000    3.5775930748e-03
 916.5000000    3.5774958720e-03
 917.0000000    3.5773985071e-03
 917.5000000    3.5773009791e-03
 918.0000000    3.5772032871e-03
 918.5000000    3.5771054308e-03
 919.0000000    3.5770074100e-03
 919.5000000    3.5769092244e-03
 920.0000000    3.5768108731e-03
 920.5000000    3.5767123548e-03
 921.0000000    3.5766136680e-03
 921.5000000    3.5765148122e-03
 922.0000000    3.5764157871e-03
 922.5000000    3.5763165923e-03
 923.0000000    3.5762172271e-03
 923.5000000    3.5761176901e-03
 924.0000000    3.5760179797e-03
 924.5000000    3.5759180948e-03
 925.0000000    3.5758180352e-03
 925.5000000    3.5757178009e-03
 926.0000000    3.5756173915e-03
 926.5000000    3.5755168059e-03
 927.0000000    3.5754160429e-03
 927.5000000    3.5753151014e-03
 928.0000000    3.5752139812e-03
 928.5000000    3.5751126827e-03
 929.0000000    3.5750112061e-03
 929.5000000    3.5749095506e-03
 930.0000000    3.5748077153e-03
 930.5000000    3.5747056987e-03
 931.0000000    3.5746035006e-03
 931.5000000    3.5745011210e-03
 932.0000000    3.5743985603e-03
 932.5000000    3.5742958179e-03
 933.0000000    3.5741928924e-03
 933.5000000    3.5740897822e-03
 934.0000000    3.5739864864e-03
 934.5000000    3.5738830049e-03
 935.0000000    3.5737793375e-03
 935.5000000    3.5736754840e-03
 936.0000000    3.5735714429e-03
 936.5000000    3.5734672125e-03
 937.0000000    3.5733627917e-03
 937.5000000    3.5732581798e-03
 938.0000000    3.5731533769e-03
 938.5000000    3.5730483829e-03
 939.0000000    3.5729431970e-03
 939.5000000    3.5728378176e-03
 940.0000000    3.5727322434e-03
 940.5000000    3.5726264741e-03
 941.0000000    3.5725205097e-03
 941.5000000    3.5724143507e-03
 942.0000000    3.5723079966e-03
 942.5000000    3.5722014463e-03
 943.0000000    3.5720946985e-03
 943.5000000    3.5719877527e-03
 944.0000000    3.5718806089e-03
 944.5000000    3.5717732671e-03
 945.0000000    3.5716657270e-03
 945.5000000    3.5715579875e-03
 946.0000000    3.5714500469e-03
 946.5000000    3.5713419040e-03
 947.0000000    3.5712335579e-03
 947.5000000    3.5711250082e-03
 948.0000000    3.5710162540e-03
 948.5000000    3.5709072941e-03
 949.0000000    3.5707981267e-03
 949.5000000    3.5706887497e-03
 950.0000000    3.5705791619e-03
 950.5000000    3.5704693624e-03
 951.0000000    3.5703593506e-03
 951.5000000    3.5702491256e-03
 952.0000000    3.5701386857e-03
 952.5000000    3.5700280295e-03
 953.0000000    3.5699171556e-03
 953.5000000    3.5698060635e-03
 954.0000000    3.5696947532e-03
 954.5000000    3.5695832242e-03
 955.0000000    3.5694714757e-03
 955.5000000    3.5693595068e-03
 956.0000000    3.5692473167e-03
 956.5000000    3.5691349045e-03
 957.0000000    3.5690222702e-03
 957.5000000    3.5689094137e-03
 958.0000000    3.5687963344e-03
 958.5000000    3.5686830317e-03
 959.0000000    3.5685695040e-03
 959.5000000    3.5684557500e-03
 960.0000000    3.5683417688e-03
 960.5000000    3.5682275601e-03
 961.0000000    3.5681131233e-03
 961.5000000    3.5679984572e-03
 962.0000000    3.5678835598e-03
 962.5000000    3.5677684291e-03
 963.0000000    3.5676530637e-03
 963.5000000    3.5675374631e-03
 964.0000000    3.5674216265e-03
 964.5000000    3.5673055529e-03
 965.0000000    3.5671892402e-03
 965.5000000    3.5670726867e-03
 966.0000000    3.5669558909e-03
 966.5000000    3.5668388522e-03
 967.0000000    3.5667215701e-03
 967.5000000    3.5666040442e-03
 968.0000000    3.5664862732e-03
 968.5000000    3.5663682557e-03
 969.0000000    3.5662499905e-03
 969.5000000    3.5661314769e-03
 970.0000000    3.5660127149e-03
 970.5000000    3.5658937047e-03
 971.0000000    3.5657744461e-03
 971.5000000    3.5656549379e-03
 972.0000000    3.5655351788e-03
 972.5000000    3.5654151684e-03
 973.0000000    3.5652949069e-03
 973.5000000    3.5651743948e-03
 974.0000000    3.5650536322e-03
 974.5000000    3.5649326181e-03
 975.0000000    3.5648113514e-03
 975.5000000    3.5646898311e-03
 976.0000000    3.5645680573e-03
 976.5000000    3.5644460304e-03
 977.0000000    3.5643237504e-03
 977.5000000    3.5642012166e-03
 978.0000000    3.5640784275e-03
 978.5000000    3.5639553820e-03
 979.0000000    3.5638320796e-03
 979.5000000    3.5637085206e-03
 980.0000000    3.5635847049e-03
 980.5000000    3.5634606323e-03
 981.0000000    3.5633363014e-03
 981.5000000    3.5632117111e-03
 982.0000000    3.5630868603e-03
 982.5000000    3.5629617492e-03
 983.0000000    3.5628363781e-03
 983.5000000    3.5627107470e-03
 984.0000000    3.5625848550e-03
 984.5000000    3.5624587006e-03
 985.0000000    3.5623322828e-03
 985.5000000    3.5622056015e-03
 986.0000000    3.5620786573e-03
 986.5000000    3.5619514504e-03
 987.0000000    3.5618239801e-03
 987.5000000    3.5616962452e-03
 988.0000000    3.5615682447e-03
 988.5000000    3.5614399786e-03
 989.0000000    3.5613114474e-03
 989.5000000    3.5611826515e-03
 990.0000000    3.5610535908e-03
 990.5000000    3.5609242644e-03
 991.0000000    3.5607946717e-03
 991.5000000    3.5606648125e-03
 992.0000000    3.5605346871e-03
 992.5000000    3.5604042962e-03
 993.0000000    3.5602736400e-03
 993.5000000    3.5601427184e-03
 994.0000000    3.5600115305e-03
 994.5000000    3.5598800759e-03
 995.0000000    3.5597483545e-03
 995.5000000    3.5596163670e-03
 996.0000000    3.5594841138e-03
 996.5000000    3.5593515947e-03
 997.0000000    3.5592188089e-03
 997.5000000    3.5590857551e-03
 998.0000000    3.5589524331e-03
 998.5000000    3.5588188432e-03
 999.0000000    3.5586849855e-03
 999.5000000    3.5585508599e-03
1000.0000000    3.5584164652e-03
1000.5000000    3.5582818003e-03
1001.0000000    3.5581468644e-03
1001.5000000    3.5580116576e-03
1002.0000000    3.5578761798e-03
1002.5000000    3.5577404309e-03
1003.0000000    3.5576044101e-03
1003.5000000    3.5574681167e-03
