#       time             min chi
   0.0000000    0.0000000000e+00
   0.5000000    0.0000000000e+00
   1.0000000    0.0000000000e+00
   1.5000000    0.0000000000e+00
   2.0000000    0.0000000000e+00
   2.5000000    0.0000000000e+00
   3.0000000    0.0000000000e+00
   3.5000000    0.0000000000e+00
   4.0000000    0.0000000000e+00
   4.5000000    0.0000000000e+00
   5.0000000    0.0000000000e+00
   5.5000000    0.0000000000e+00
   6.0000000    0.0000000000e+00
   6.5000000    0.0000000000e+00
   7.0000000    0.0000000000e+00
   7.5000000    0.0000000000e+00
   8.0000000    0.0000000000e+00
   8.5000000    0.0000000000e+00
   9.0000000    0.0000000000e+00
   9.5000000    0.0000000000e+00
  10.0000000    0.0000000000e+00
  10.5000000    0.0000000000e+00
  11.0000000    0.0000000000e+00
  11.5000000    0.0000000000e+00
  12.0000000    0.0000000000e+00
  12.5000000    0.0000000000e+00
  13.0000000    0.0000000000e+00
  13.5000000    0.0000000000e+00
  14.0000000    0.0000000000e+00
  14.5000000    0.0000000000e+00
  15.0000000    0.0000000000e+00
  15.5000000    0.0000000000e+00
  16.0000000    0.0000000000e+00
  16.5000000    0.0000000000e+00
  17.0000000    0.0000000000e+00
  17.5000000    0.0000000000e+00
  18.0000000    0.0000000000e+00
  18.5000000    0.0000000000e+00
  19.0000000    0.0000000000e+00
  19.5000000    0.0000000000e+00
  20.0000000    0.0000000000e+00
  20.5000000    0.0000000000e+00
  21.0000000    0.0000000000e+00
  21.5000000    0.0000000000e+00
  22.0000000    0.0000000000e+00
  22.5000000    0.0000000000e+00
  23.0000000    0.0000000000e+00
  23.5000000    0.0000000000e+00
  24.0000000    0.0000000000e+00
  24.5000000    0.0000000000e+00
  25.0000000    0.0000000000e+00
  25.5000000    0.0000000000e+00
  26.0000000    0.0000000000e+00
  26.5000000    0.0000000000e+00
  27.0000000    0.0000000000e+00
  27.5000000    0.0000000000e+00
  28.0000000    0.0000000000e+00
  28.5000000    0.0000000000e+00
  29.0000000    0.0000000000e+00
  29.5000000    0.0000000000e+00
  30.0000000    0.0000000000e+00
  30.5000000    0.0000000000e+00
  31.0000000    0.0000000000e+00
  31.5000000    0.0000000000e+00
  32.0000000    0.0000000000e+00
  32.5000000    0.0000000000e+00
  33.0000000    0.0000000000e+00
  33.5000000    0.0000000000e+00
  34.0000000    0.0000000000e+00
  34.5000000    0.0000000000e+00
  35.0000000    0.0000000000e+00
  35.5000000    0.0000000000e+00
  36.0000000    0.0000000000e+00
  36.5000000    0.0000000000e+00
  37.0000000    0.0000000000e+00
  37.5000000    0.0000000000e+00
  38.0000000    0.0000000000e+00
  38.5000000    0.0000000000e+00
  39.0000000    0.0000000000e+00
  39.5000000    0.0000000000e+00
  40.0000000    0.0000000000e+00
  40.5000000    0.0000000000e+00
  41.0000000    0.0000000000e+00
  41.5000000    0.0000000000e+00
  42.0000000    0.0000000000e+00
  42.5000000    0.0000000000e+00
  43.0000000    0.0000000000e+00
  43.5000000    0.0000000000e+00
  44.0000000    0.0000000000e+00
  44.5000000    0.0000000000e+00
  45.0000000    0.0000000000e+00
  45.5000000    0.0000000000e+00
  46.0000000    0.0000000000e+00
  46.5000000    0.0000000000e+00
  47.0000000    0.0000000000e+00
  47.5000000    0.0000000000e+00
  48.0000000    0.0000000000e+00
  48.5000000    0.0000000000e+00
  49.0000000    0.0000000000e+00
  49.5000000    0.0000000000e+00
  50.0000000    0.0000000000e+00
  50.5000000    0.0000000000e+00
  51.0000000    0.0000000000e+00
  51.5000000    0.0000000000e+00
  52.0000000    0.0000000000e+00
  52.5000000    0.0000000000e+00
  53.0000000    0.0000000000e+00
  53.5000000    0.0000000000e+00
  54.0000000    0.0000000000e+00
  54.5000000    0.0000000000e+00
  55.0000000    0.0000000000e+00
  55.5000000    0.0000000000e+00
  56.0000000    0.0000000000e+00
  56.5000000    0.0000000000e+00
  57.0000000    0.0000000000e+00
  57.5000000    0.0000000000e+00
  58.0000000    0.0000000000e+00
  58.5000000    0.0000000000e+00
  59.0000000    0.0000000000e+00
  59.5000000    0.0000000000e+00
  60.0000000    0.0000000000e+00
  60.5000000    0.0000000000e+00
  61.0000000    0.0000000000e+00
  61.5000000    0.0000000000e+00
  62.0000000    0.0000000000e+00
  62.5000000    0.0000000000e+00
  63.0000000    0.0000000000e+00
  63.5000000    0.0000000000e+00
  64.0000000    0.0000000000e+00
  64.5000000    0.0000000000e+00
  65.0000000    0.0000000000e+00
  65.5000000    0.0000000000e+00
  66.0000000    0.0000000000e+00
  66.5000000    0.0000000000e+00
  67.0000000    0.0000000000e+00
  67.5000000    0.0000000000e+00
  68.0000000    0.0000000000e+00
  68.5000000    0.0000000000e+00
  69.0000000    0.0000000000e+00
  69.5000000    0.0000000000e+00
  70.0000000    0.0000000000e+00
  70.5000000    0.0000000000e+00
  71.0000000    0.0000000000e+00
  71.5000000    0.0000000000e+00
  72.0000000    0.0000000000e+00
  72.5000000    0.0000000000e+00
  73.0000000    0.0000000000e+00
  73.5000000    0.0000000000e+00
  74.0000000    0.0000000000e+00
  74.5000000    0.0000000000e+00
  75.0000000    0.0000000000e+00
  75.5000000    0.0000000000e+00
  76.0000000    0.0000000000e+00
  76.5000000    0.0000000000e+00
  77.0000000    0.0000000000e+00
  77.5000000    0.0000000000e+00
  78.0000000    0.0000000000e+00
  78.5000000    0.0000000000e+00
  79.0000000    0.0000000000e+00
  79.5000000    0.0000000000e+00
  80.0000000    0.0000000000e+00
  80.5000000    0.0000000000e+00
  81.0000000    0.0000000000e+00
  81.5000000    0.0000000000e+00
  82.0000000    0.0000000000e+00
  82.5000000    0.0000000000e+00
  83.0000000    0.0000000000e+00
  83.5000000    0.0000000000e+00
  84.0000000    0.0000000000e+00
  84.5000000    0.0000000000e+00
  85.0000000    0.0000000000e+00
  85.5000000    0.0000000000e+00
  86.0000000    0.0000000000e+00
  86.5000000    0.0000000000e+00
  87.0000000    0.0000000000e+00
  87.5000000    0.0000000000e+00
  88.0000000    0.0000000000e+00
  88.5000000    0.0000000000e+00
  89.0000000    0.0000000000e+00
  89.5000000    0.0000000000e+00
  90.0000000    0.0000000000e+00
  90.5000000    0.0000000000e+00
  91.0000000    0.0000000000e+00
  91.5000000    0.0000000000e+00
  92.0000000    0.0000000000e+00
  92.5000000    0.0000000000e+00
  93.0000000    0.0000000000e+00
  93.5000000    0.0000000000e+00
  94.0000000    0.0000000000e+00
  94.5000000    0.0000000000e+00
  95.0000000    0.0000000000e+00
  95.5000000    0.0000000000e+00
  96.0000000    0.0000000000e+00
  96.5000000    0.0000000000e+00
  97.0000000    0.0000000000e+00
  97.5000000    0.0000000000e+00
  98.0000000    0.0000000000e+00
  98.5000000    0.0000000000e+00
  99.0000000    0.0000000000e+00
  99.5000000    0.0000000000e+00
 100.0000000    0.0000000000e+00
 100.5000000    0.0000000000e+00
 101.0000000    0.0000000000e+00
 101.5000000    0.0000000000e+00
 102.0000000    0.0000000000e+00
 102.5000000    0.0000000000e+00
 103.0000000    0.0000000000e+00
 103.5000000    0.0000000000e+00
 104.0000000    0.0000000000e+00
 104.5000000    0.0000000000e+00
 105.0000000    0.0000000000e+00
 105.5000000    0.0000000000e+00
 106.0000000    0.0000000000e+00
 106.5000000    0.0000000000e+00
 107.0000000    0.0000000000e+00
 107.5000000    0.0000000000e+00
 108.0000000    0.0000000000e+00
 108.5000000    0.0000000000e+00
 109.0000000    0.0000000000e+00
 109.5000000    0.0000000000e+00
 110.0000000    0.0000000000e+00
 110.5000000   1.7910159658e-154
 111.0000000   1.1920798538e-153
 111.5000000   1.3180099577e-153
 112.0000000   1.4383060173e-152
 112.5000000   9.9598643242e-153
 113.0000000   1.6252367501e-151
 113.5000000   1.4869331549e-151
 114.0000000   1.6203618980e-150
 114.5000000   2.4977816737e-150
 115.0000000   1.6476156893e-149
 115.5000000   3.7574095256e-149
 116.0000000   1.4297665874e-148
 116.5000000   4.9147227863e-148
 117.0000000   1.0292714965e-147
 117.5000000   5.7141736438e-147
 118.0000000   5.5599327551e-147
 118.5000000   5.9709691951e-146
 119.0000000   4.9023428012e-146
 119.5000000   5.6029665497e-145
 120.0000000   7.6475361126e-145
 120.5000000   4.6575406530e-144
 121.0000000   1.0882066880e-143
 121.5000000   3.1812711187e-143
 122.0000000   1.2711196347e-142
 122.5000000   1.5958855621e-142
 123.0000000   1.2691248475e-141
 123.5000000   1.0383114036e-141
 124.0000000   1.0983929533e-140
 124.5000000   1.4292765643e-140
 125.0000000   8.0401757433e-140
 125.5000000   1.9277755918e-139
 126.0000000   4.3381198990e-139
 126.5000000   2.0427479924e-138
 127.0000000   2.0446857097e-138
 127.5000000   1.7920190819e-137
 128.0000000   1.6958623353e-137
 128.5000000   1.2818501991e-136
 129.0000000   2.4171462156e-136
 129.5000000   6.7973925981e-136
 130.0000000   2.6229412681e-135
 130.5000000   2.9704930883e-135
 131.0000000   2.2466547336e-134
 131.5000000   2.0265383961e-134
 132.0000000   1.4547645004e-133
 132.5000000   2.7545525817e-133
 133.0000000   7.1054610219e-133
 133.5000000   2.8505205056e-132
 134.0000000   3.1710610360e-132
 134.5000000   2.1792072954e-131
 135.0000000   2.2690489517e-131
 135.5000000   1.2227424011e-130
 136.0000000   2.8729666013e-130
 136.5000000   5.3644877433e-130
 137.0000000   2.5727910891e-129
 137.5000000   2.4772385664e-129
 138.0000000   1.5961574097e-128
 138.5000000   2.4221459855e-128
 139.0000000   7.8440046628e-128
 139.5000000   2.5336981406e-127
 140.0000000   3.2847222654e-127
 140.5000000   1.7224032187e-126
 141.0000000   1.8917565820e-126
 141.5000000   9.3965010417e-126
 142.0000000   2.1346164106e-125
 142.5000000   4.0248462939e-125
 143.0000000   1.6191232511e-124
 143.5000000   1.6735287907e-124
 144.0000000   9.8231119295e-124
 144.5000000   1.5331266017e-123
 145.0000000   4.5557675533e-123
 145.5000000   1.3835239195e-122
 146.0000000   1.3317179887e-122
 146.5000000   9.4504868953e-122
 147.0000000   9.0307867691e-122
 147.5000000   4.7593687361e-121
 148.0000000   1.1294007332e-120
 148.5000000   1.3665397794e-120
 149.0000000   8.7114792171e-120
 149.5000000   4.2752496877e-120
 150.0000000   3.5930145469e-119
 150.5000000   9.3305626428e-119
 151.0000000   1.5397323984e-118
 151.5000000   7.9044404474e-118
 152.0000000   3.0557802254e-118
 152.5000000   3.2564835681e-117
 153.0000000   8.1037707985e-117
 153.5000000   1.5599761656e-116
 154.0000000   7.1213109684e-116
 154.5000000   3.5241577473e-116
 155.0000000   3.6817816880e-115
 155.5000000   7.4032163144e-115
 156.0000000   1.3048704147e-114
 156.5000000   6.2547378760e-114
 157.0000000   3.8677898838e-114
 157.5000000   3.2373543163e-113
 158.0000000   6.8666583222e-113
 158.5000000   6.9752969498e-113
 159.0000000   3.6262798035e-112
 159.5000000   4.6116915613e-112
 160.0000000   2.2306318901e-111
 160.5000000   6.0505719704e-111
 161.0000000   2.6518423336e-111
 161.5000000   2.3687108490e-110
 162.0000000   5.1652671979e-110
 162.5000000   1.2011929446e-109
 163.0000000   4.7312113045e-109
 163.5000000   2.3439115819e-109
 164.0000000   2.2378030017e-108
 164.5000000   4.7731112964e-108
 165.0000000   3.9930794894e-108
 165.5000000   1.2740497848e-107
 166.0000000   3.5763014008e-107
 166.5000000   1.0117126224e-106
 167.0000000   3.5260920054e-106
 167.5000000   1.3985875324e-106
 168.0000000   1.6080076698e-105
 168.5000000   3.3255308218e-105
 169.0000000   2.4284297672e-105
 169.5000000   8.4831209836e-105
 170.0000000   2.4969207309e-104
 170.5000000   5.6993266641e-104
 171.0000000   2.0975326435e-103
 171.5000000   1.2162882718e-103
 172.0000000   8.5628725889e-103
 172.5000000   2.0483838039e-102
 173.0000000   6.3092996001e-103
 173.5000000   4.4923131954e-102
 174.0000000   1.6475386560e-101
 174.5000000   1.9951059166e-101
 175.0000000   3.2107701453e-101
 175.5000000   1.0542367706e-100
 176.0000000   3.1909576730e-100
 176.5000000    1.0521361953e-99
 177.0000000   4.4671103738e-100
 177.5000000    3.9632482517e-99
 178.0000000    9.0320066402e-99
 178.5000000    2.0492488604e-99
 179.0000000    2.2776208340e-98
 179.5000000    6.8996931510e-98
 180.0000000    6.2590814414e-98
 180.5000000    1.0273210173e-97
 181.0000000    4.0556977485e-97
 181.5000000    9.3211710406e-97
 182.0000000    2.0029394845e-96
 182.5000000    1.9142712444e-96
 183.0000000    1.0866990520e-95
 183.5000000    3.1097365522e-95
 184.0000000    1.0803076340e-95
 184.5000000    1.1096910763e-94
 185.0000000    2.3714597234e-94
 185.5000000    2.4681780712e-95
 186.0000000    7.4569326433e-94
 186.5000000    1.5734342437e-93
 187.0000000    9.6452945230e-94
 187.5000000    1.0873114815e-93
 188.0000000    9.5224340440e-93
 188.5000000    1.3609726939e-92
 189.0000000    7.7663624980e-93
 189.5000000    5.2239525082e-92
 190.0000000    1.4754405082e-91
 190.5000000    2.0051140824e-91
 191.0000000    7.7484183217e-92
 191.5000000    1.4022239280e-90
 192.0000000    3.3208588009e-90
 192.5000000    1.9684404000e-90
 193.0000000    1.2243356900e-89
 193.5000000    3.0052608534e-89
 194.0000000    1.2691689479e-89
 194.5000000    1.0046078701e-88
 195.0000000    1.9876701070e-88
 195.5000000    4.5026302792e-89
 196.0000000    6.7054344085e-88
 196.5000000    1.2773946289e-87
 197.0000000    1.3379441129e-88
 197.5000000    4.2141756268e-87
 198.0000000    8.0147639005e-87
 198.5000000    2.3184834595e-87
 199.0000000    3.0196203148e-86
 199.5000000    4.9352848031e-86
 200.0000000    2.6851326102e-86
 200.5000000    1.7629046275e-85
 201.0000000    2.9993944046e-85
 201.5000000    2.4378928032e-85
 202.0000000    8.9339457078e-85
 202.5000000    1.8093122620e-84
 203.0000000    1.9465242708e-84
 203.5000000    4.7772587564e-84
 204.0000000    1.0888170928e-83
 204.5000000    1.4277453952e-83
 205.0000000    2.8447024168e-83
 205.5000000    6.5617490987e-83
 206.0000000    9.8178111596e-83
 206.5000000    1.8407429706e-82
 207.0000000    3.9688885180e-82
 207.5000000    6.3961206911e-82
 208.0000000    1.2195065370e-81
 208.5000000    2.4109939887e-81
 209.0000000    3.9694143274e-81
 209.5000000    8.0456754427e-81
 210.0000000    1.4701994878e-80
 210.5000000    2.3521374778e-80
 211.0000000    5.3031260825e-80
 211.5000000    8.9866177310e-80
 212.0000000    1.3309590158e-79
 212.5000000    3.5376812333e-79
 213.0000000    5.4942090564e-79
 213.5000000    7.1794864801e-79
 214.0000000    2.4008694412e-78
 214.5000000    3.3499020977e-78
 215.0000000    3.6817443565e-78
 215.5000000    1.5769113131e-77
 216.0000000    2.0297769372e-77
 216.5000000    1.7932298473e-77
 217.0000000    8.0857358392e-77
 217.5000000    1.2175684210e-76
 218.0000000    8.3973955796e-77
 218.5000000    4.3094952135e-76
 219.0000000    7.2031631234e-76
 219.5000000    4.0089856324e-76
 220.0000000    2.4665454268e-75
 220.5000000    4.1881773414e-75
 221.0000000    2.2003827815e-75
 221.5000000    1.4995403601e-74
 222.0000000    2.3860071209e-74
 222.5000000    1.4254893547e-74
 223.0000000    9.0110366103e-74
 223.5000000    1.3283751499e-73
 224.0000000    8.2951703975e-74
 224.5000000    4.2445149791e-73
 225.0000000    7.2106734397e-73
 225.5000000    3.8125911057e-73
 226.0000000    1.9140569245e-72
 226.5000000    3.3030637331e-72
 227.0000000    2.0520837036e-72
 227.5000000    8.1894850091e-72
 228.0000000    1.3670214946e-71
 228.5000000    1.2383054723e-71
 229.0000000    3.2826510968e-71
 229.5000000    7.3032894724e-71
 230.0000000    7.5432206776e-71
 230.5000000    1.2150034871e-70
 231.0000000    3.0778558961e-70
 231.5000000    4.4145060246e-70
 232.0000000    4.2099361364e-70
 232.5000000    1.5349278129e-69
 233.0000000    2.4537323464e-69
 233.5000000    1.6622339883e-69
 234.0000000    9.1418931664e-69
 234.5000000    1.2952301658e-68
 235.0000000    8.2944982822e-69
 235.5000000    4.0627795644e-68
 236.0000000    6.5044732694e-68
 236.5000000    3.5473649129e-68
 237.0000000    1.6328460381e-67
 237.5000000    2.6671623446e-67
 238.0000000    2.0035295469e-67
 238.5000000    5.6798150894e-67
 239.0000000    1.0264146099e-66
 239.5000000    1.1794502987e-66
 240.0000000    1.7789279145e-66
 240.5000000    4.1833053953e-66
 241.0000000    6.4869125594e-66
 241.5000000    5.4801784251e-66
 242.0000000    2.3645245610e-65
 242.5000000    3.3002821683e-65
 243.0000000    2.1097366408e-65
 243.5000000    9.6763688728e-65
 244.0000000    1.5629468532e-64
 244.5000000    8.9134893690e-65
 245.0000000    3.4636029811e-64
 245.5000000    5.6849642080e-64
 246.0000000    5.0733625918e-64
 246.5000000    1.1316792610e-63
 247.0000000    1.8855531659e-63
 247.5000000    2.8012252530e-63
 248.0000000    3.1064518963e-63
 248.5000000    9.9192512038e-63
 249.0000000    1.3989390941e-62
 249.5000000    9.2048491097e-63
 250.0000000    4.0008730262e-62
 250.5000000    6.3656377491e-62
 251.0000000    3.6958502123e-62
 251.5000000    1.3124798471e-61
 252.0000000    1.9173491164e-61
 252.5000000    2.0734367175e-61
 253.0000000    3.8338168919e-61
 253.5000000    7.0869640534e-61
 254.0000000    1.0874392438e-60
 254.5000000    9.8174621310e-61
 255.0000000    3.6465693056e-60
 255.5000000    5.0521757366e-60
 256.0000000    2.8334239656e-60
 256.5000000    1.1724048574e-59
 257.0000000    1.6888390615e-59
 257.5000000    1.4438736058e-59
 258.0000000    3.3283388100e-59
 258.5000000    4.9884945724e-59
 259.0000000    7.7477966887e-59
 259.5000000    8.0638014711e-59
 260.0000000    2.7317932694e-58
 260.5000000    3.6025007135e-58
 261.0000000    2.0134529378e-58
 261.5000000    8.4788097950e-58
 262.0000000    1.1234865901e-57
 262.5000000    9.7681888305e-58
 263.0000000    2.2642479231e-57
 263.5000000    3.2311784234e-57
 264.0000000    5.2130292627e-57
 264.5000000    5.0110067803e-57
 265.0000000    1.7586093822e-56
 265.5000000    2.3501872327e-56
 266.0000000    1.2290168091e-56
 266.5000000    5.0421624445e-56
 267.0000000    5.5793984832e-56
 267.5000000    6.4953025079e-56
 268.0000000    1.2135657401e-55
 268.5000000    2.0812010065e-55
 269.0000000    3.3165894013e-55
 269.5000000    2.3429879263e-55
 270.0000000    9.4817024056e-55
 270.5000000    1.2331792897e-54
 271.0000000    7.3555629159e-55
 271.5000000    2.4320888767e-54
 272.0000000    2.3991209407e-54
 272.5000000    4.2161471546e-54
 273.0000000    4.9228696939e-54
 273.5000000    1.3110523948e-53
 274.0000000    1.9430041420e-53
 274.5000000    9.1109775242e-54
 275.0000000    4.2058194859e-53
 275.5000000    3.5691571392e-53
 276.0000000    4.9224738044e-53
 276.5000000    8.9991281927e-53
 277.0000000    1.4495037573e-52
 277.5000000    2.5214945706e-52
 278.0000000    1.3977040690e-52
 278.5000000    6.4997222387e-52
 279.0000000    5.8899257160e-52
 279.5000000    5.4120600613e-52
 280.0000000    1.4364047454e-51
 280.5000000    1.6906668238e-51
 281.0000000    3.1068168695e-51
 281.5000000    2.2020223365e-51
 282.0000000    9.1808430220e-51
 282.5000000    8.9062031827e-51
 283.0000000    5.7754210692e-51
 283.5000000    2.0525540648e-50
 284.0000000    1.7818117496e-50
 284.5000000    3.7011005466e-50
 285.0000000    3.1490061580e-50
 285.5000000    1.1154557822e-49
 286.0000000    1.1924400176e-49
 286.5000000    6.1451000764e-50
 287.0000000    2.6716231501e-49
 287.5000000    1.9291284530e-49
 288.0000000    4.3325415727e-49
 288.5000000    4.0077985779e-49
 289.0000000    1.2586596851e-48
 289.5000000    1.4165832947e-48
 290.0000000    6.6465103815e-49
 290.5000000    3.1988397564e-48
 291.0000000    2.2235086996e-48
 291.5000000    5.0380649417e-48
 292.0000000    4.5399965557e-48
 292.5000000    1.4589388649e-47
 293.0000000    1.4908502096e-47
 293.5000000    7.5040270944e-48
 294.0000000    3.5369703976e-47
 294.5000000    2.6593745792e-47
 295.0000000    5.8312429351e-47
 295.5000000    4.5543645690e-47
 296.0000000    1.7339094466e-46
 296.5000000    1.3706258784e-46
 297.0000000    9.1063953445e-47
 297.5000000    3.6061918289e-46
 298.0000000    2.3004440400e-46
 298.5000000    6.6686798668e-46
 299.0000000    3.9767110463e-46
 299.5000000    1.8742719734e-45
 300.0000000    1.0702129041e-45
 300.5000000    1.1674189244e-45
 301.0000000    3.3656741993e-45
 301.5000000    2.4897011896e-45
 302.0000000    7.4357126483e-45
 302.5000000    2.9463945363e-45
 303.0000000    1.7807583244e-44
 303.5000000    7.3696590750e-45
 304.0000000    1.4887692001e-44
 304.5000000    2.8322469081e-44
 305.0000000    3.5463679856e-44
 305.5000000    7.9660123819e-44
 306.0000000    2.0684322867e-44
 306.5000000    1.5647703496e-43
 307.0000000    7.7101349396e-44
 307.5000000    1.7995481198e-43
 308.0000000    2.0889268462e-43
 308.5000000    4.7750520893e-43
 309.0000000    5.5374706612e-43
 309.5000000    2.4437317255e-43
 310.0000000    1.2534955913e-42
 310.5000000    7.1189428747e-43
 311.0000000    1.9794310532e-42
 311.5000000    1.2829522468e-42
 312.0000000    5.5927544744e-42
 312.5000000    3.0338894982e-42
 313.0000000    3.5687038538e-42
 313.5000000    8.9386219655e-42
 314.0000000    8.6442121369e-42
 314.5000000    1.8113452990e-41
 315.0000000    6.6692972206e-42
 315.5000000    4.2411550946e-41
 316.0000000    2.2472058471e-41
 316.5000000    4.4579071909e-41
 317.0000000    5.4341698600e-41
 317.5000000    1.1804823970e-40
 318.0000000    1.3136940957e-40
 318.5000000    6.5883371424e-41
 319.0000000    2.8669083625e-40
 319.5000000    1.8439998031e-40
 320.0000000    4.0920022955e-40
 320.5000000    2.6344876265e-40
 321.0000000    1.1807323418e-39
 321.5000000    6.2728163742e-40
 322.0000000    9.1234371268e-40
 322.5000000    1.6591701559e-39
 323.0000000    2.3333061730e-39
 323.5000000    3.4561966137e-39
 324.0000000    1.4438658548e-39
 324.5000000    7.4750750153e-39
 325.0000000    4.9000598607e-39
 325.5000000    9.0262581190e-39
 326.0000000    7.6608662388e-39
 326.5000000    2.5787655358e-38
 327.0000000    1.6787369324e-38
 327.5000000    1.8400522230e-38
 328.0000000    4.0204441947e-38
 328.5000000    4.8081670420e-38
 329.0000000    6.7784575055e-38
 329.5000000    3.3887805373e-38
 330.0000000    1.6392017004e-37
 330.5000000    1.1375542084e-37
 331.0000000    1.7951949211e-37
 331.5000000    1.7059080975e-37
 332.0000000    4.8678599179e-37
 332.5000000    3.5855405919e-37
 333.0000000    3.7441010317e-37
 333.5000000    8.0140639239e-37
 334.0000000    9.9858618545e-37
 334.5000000    1.2541431080e-36
 335.0000000    7.1169602832e-37
 335.5000000    3.0626698588e-36
 336.0000000    2.2051791158e-36
 336.5000000    3.1520711791e-36
 337.0000000    3.0224119946e-36
 337.5000000    8.4121317194e-36
 338.0000000    6.3794752560e-36
 338.5000000    7.5548462251e-36
 339.0000000    1.3243196575e-35
 339.5000000    2.0339920091e-35
 340.0000000    2.1895836884e-35
 340.5000000    1.3764238043e-35
 341.0000000    4.8713449672e-35
 341.5000000    4.0197794138e-35
 342.0000000    5.0457862581e-35
 342.5000000    4.3823034884e-35
 343.0000000    1.3824214208e-34
 343.5000000    1.0811617183e-34
 344.0000000    1.3848837690e-34
 344.5000000    1.7974657023e-34
 345.0000000    3.2280335475e-34
 345.5000000    3.2798865616e-34
 346.0000000    2.6704550158e-34
 346.5000000    6.5024867448e-34
 347.0000000    7.3369877346e-34
 347.5000000    7.8226460031e-34
 348.0000000    5.8577668625e-34
 348.5000000    2.0893699284e-33
 349.0000000    1.6243711411e-33
 349.5000000    1.8164896882e-33
 350.0000000    1.9881196349e-33
 350.5000000    4.7047585652e-33
 351.0000000    4.1362887856e-33
 351.5000000    4.8225819888e-33
 352.0000000    7.0744145656e-33
 352.5000000    1.0549438826e-32
 353.0000000    1.1942514529e-32
 353.5000000    9.4594371343e-33
 354.0000000    2.2837555009e-32
 354.5000000    2.5754752008e-32
 355.0000000    2.5211841763e-32
 355.5000000    2.0878572766e-32
 356.0000000    6.7475196974e-32
 356.5000000    5.5103455530e-32
 357.0000000    5.5307902827e-32
 357.5000000    6.2132053193e-32
 358.0000000    1.4474995389e-31
 358.5000000    1.3533864815e-31
 359.0000000    1.3223001901e-31
 359.5000000    1.9758591562e-31
 360.0000000    3.0337768305e-31
 360.5000000    3.2313674681e-31
 361.0000000    3.1635398102e-31
 361.5000000    5.9234371330e-31
 362.0000000    6.5991145865e-31
 362.5000000    7.3681766360e-31
 363.0000000    6.2586685989e-31
 363.5000000    1.6570857123e-30
 364.0000000    1.5187351191e-30
 364.5000000    1.5131515007e-30
 365.0000000    1.4745119840e-30
 365.5000000    4.0253328518e-30
 366.0000000    3.5220830203e-30
 366.5000000    3.1860563485e-30
 367.0000000    4.0232643274e-30
 367.5000000    8.2368503143e-30
 368.0000000    8.2190720489e-30
 368.5000000    7.0260568597e-30
 369.0000000    1.1201510604e-29
 369.5000000    1.6600600161e-29
 370.0000000    1.7699253034e-29
 370.5000000    1.6219555114e-29
 371.0000000    3.0034855994e-29
 371.5000000    3.3537604689e-29
 372.0000000    3.9140054704e-29
 372.5000000    3.5657770050e-29
 373.0000000    7.6827487269e-29
 373.5000000    6.8625390360e-29
 374.0000000    7.7740426903e-29
 374.5000000    7.3379552383e-29
 375.0000000    1.7945405784e-28
 375.5000000    1.4314014001e-28
 376.0000000    1.5377880246e-28
 376.5000000    1.6555544126e-28
 377.0000000    3.9043753222e-28
 377.5000000    3.0414817849e-28
 378.0000000    3.0545040926e-28
 378.5000000    3.9550092167e-28
 379.0000000    7.6204925426e-28
 379.5000000    6.5387156775e-28
 380.0000000    6.1343712933e-28
 380.5000000    9.5331717490e-28
 381.0000000    1.4872092055e-27
 381.5000000    1.4093578713e-27
 382.0000000    1.2493678980e-27
 382.5000000    2.2566033398e-27
 383.0000000    2.9118501109e-27
 383.5000000    3.0213830558e-27
 384.0000000    2.5753195245e-27
 384.5000000    5.1808029619e-27
 385.0000000    5.7272155582e-27
 385.5000000    6.4069386552e-27
 386.0000000    5.3421427822e-27
 386.5000000    1.0913089785e-26
 387.0000000    1.1101796631e-26
 387.5000000    1.2688171759e-26
 388.0000000    1.1075986409e-26
 388.5000000    2.2562814106e-26
 389.0000000    2.1172929952e-26
 389.5000000    2.4127574408e-26
 390.0000000    2.2817136296e-26
 390.5000000    4.5495307411e-26
 391.0000000    4.0213709111e-26
 391.5000000    4.5553943158e-26
 392.0000000    4.6505743566e-26
 392.5000000    8.9512198283e-26
 393.0000000    7.6062273554e-26
 393.5000000    8.5478441697e-26
 394.0000000    9.3532114685e-26
 394.5000000    1.7381457720e-25
 395.0000000    1.4322003988e-25
 395.5000000    1.5950996238e-25
 396.0000000    1.8534327523e-25
 396.5000000    3.3277693876e-25
 397.0000000    2.6830397105e-25
 397.5000000    2.9612013142e-25
 398.0000000    3.6161081023e-25
 398.5000000    6.2784329105e-25
 399.0000000    4.9977723560e-25
 399.5000000    5.4693373167e-25
 400.0000000    6.9444668374e-25
 400.5000000    1.1670321670e-24
 401.0000000    9.2521375789e-25
 401.5000000    1.0049699042e-24
 402.0000000    1.3126848530e-24
 402.5000000    2.1372216543e-24
 403.0000000    1.7018219616e-24
 403.5000000    1.8367872819e-24
 404.0000000    2.4425673925e-24
 404.5000000    3.8569033942e-24
 405.0000000    3.1103508716e-24
 405.5000000    3.3388740318e-24
 406.0000000    4.4745848037e-24
 406.5000000    6.8616859927e-24
 407.0000000    5.6503777312e-24
 407.5000000    6.0362554531e-24
 408.0000000    8.0710705634e-24
 408.5000000    1.2042806587e-23
 409.0000000    1.0209084573e-23
 409.5000000    1.0854567132e-23
 410.0000000    1.4335820405e-23
 410.5000000    2.0873821683e-23
 411.0000000    1.8360708334e-23
 411.5000000    1.9419846228e-23
 412.0000000    2.5075944636e-23
 412.5000000    3.5790221500e-23
 413.0000000    3.2897683923e-23
 413.5000000    3.4579784889e-23
 414.0000000    4.3198140165e-23
 414.5000000    6.0846747521e-23
 415.0000000    5.8769251869e-23
 415.5000000    6.1306933632e-23
 416.0000000    7.3298601917e-23
 416.5000000    1.0289671798e-22
 417.0000000    1.0183633863e-22
 417.5000000    1.0825470571e-22
 418.0000000    1.2253390769e-22
 418.5000000    1.7373328421e-22
 419.0000000    1.7218203265e-22
 419.5000000    1.9041459433e-22
 420.0000000    2.0191651284e-22
 420.5000000    2.7826491758e-22
 421.0000000    2.8757537698e-22
 421.5000000    3.3359973775e-22
 422.0000000    3.2830714737e-22
 422.5000000    4.4275712642e-22
 423.0000000    4.8080498394e-22
 423.5000000    5.4120685031e-22
 424.0000000    5.2768038263e-22
 424.5000000    7.0615710195e-22
 425.0000000    8.0741055947e-22
 425.5000000    8.5676709926e-22
 426.0000000    8.4092947363e-22
 426.5000000    1.1390445226e-21
 427.0000000    1.3645689072e-21
 427.5000000    1.3560808120e-21
 428.0000000    1.3349020193e-21
 428.5000000    1.8725139068e-21
 429.0000000    2.3208062916e-21
 429.5000000    2.1641470890e-21
 430.0000000    2.1238917804e-21
 430.5000000    3.1458999616e-21
 431.0000000    3.9633284780e-21
 431.5000000    3.5114138181e-21
 432.0000000    3.4103688690e-21
 432.5000000    5.3799963148e-21
 433.0000000    6.5502600502e-21
 433.5000000    5.8197441687e-21
 434.0000000    5.5571439266e-21
 434.5000000    9.1900043069e-21
 435.0000000    9.7874104193e-21
 435.5000000    9.6895589663e-21
 436.0000000    9.2049757623e-21
 436.5000000    1.3502533691e-20
 437.0000000    1.4342910404e-20
 437.5000000    1.4431914125e-20
 438.0000000    1.5451042209e-20
 438.5000000    1.9483298930e-20
 439.0000000    2.0270450976e-20
 439.5000000    2.1977915710e-20
 440.0000000    2.6108139671e-20
 440.5000000    2.7709676758e-20
 441.0000000    2.9646145672e-20
 441.5000000    3.4744570338e-20
 442.0000000    3.9567992705e-20
 442.5000000    3.9183202526e-20
 443.0000000    4.5995832834e-20
 443.5000000    5.6844641981e-20
 444.0000000    5.8267327262e-20
 444.5000000    5.5985393538e-20
 445.0000000    7.5598527710e-20
 445.5000000    9.4822250533e-20
 446.0000000    9.0002639961e-20
 446.5000000    8.2591753662e-20
 447.0000000    1.2814499721e-19
 447.5000000    1.3669897970e-19
 448.0000000    1.3480498752e-19
 448.5000000    1.2775994965e-19
 449.0000000    2.0299115004e-19
 449.5000000    1.8139172184e-19
 450.0000000    1.8713574077e-19
 450.5000000    2.0638568870e-19
 451.0000000    2.6993893690e-19
 451.5000000    2.4466326335e-19
 452.0000000    2.7687279417e-19
 452.5000000    3.4110959608e-19
 453.0000000    3.5325771849e-19
 453.5000000    3.6069257069e-19
 454.0000000    4.3832646604e-19
 454.5000000    4.8750133158e-19
 455.0000000    4.6462684301e-19
 455.5000000    5.8117371634e-19
 456.0000000    7.2021637666e-19
 456.5000000    7.2285130327e-19
 457.0000000    6.3770411167e-19
 457.5000000    9.7275347159e-19
 458.0000000    9.3872220125e-19
 458.5000000    9.2890340366e-19
 459.0000000    9.4426502928e-19
 459.5000000    1.3957184948e-18
 460.0000000    1.1777249273e-18
 460.5000000    1.2752341816e-18
 461.0000000    1.4970188630e-18
 461.5000000    1.6520215226e-18
 462.0000000    1.6356284780e-18
 462.5000000    1.9378525102e-18
 463.0000000    2.3460735299e-18
 463.5000000    2.1391965454e-18
 464.0000000    2.5585984704e-18
 464.5000000    3.1353148853e-18
 465.0000000    2.9820953268e-18
 465.5000000    2.8825278286e-18
 466.0000000    4.2118001141e-18
 466.5000000    3.8645490808e-18
 467.0000000    3.8726973037e-18
 467.5000000    4.0508893866e-18
 468.0000000    5.0476619235e-18
 468.5000000    4.7812697461e-18
 469.0000000    5.2829709977e-18
 469.5000000    6.2679431659e-18
 470.0000000    6.0713061357e-18
 470.5000000    6.8038269349e-18
 471.0000000    8.1366219580e-18
 471.5000000    8.0324123634e-18
 472.0000000    8.6567063867e-18
 472.5000000    1.0809083087e-17
 473.0000000    1.1339214217e-17
 473.5000000    1.1144784495e-17
 474.0000000    1.1179338913e-17
 474.5000000    1.3614798476e-17
 475.0000000    1.3230485736e-17
 475.5000000    1.4102332338e-17
 476.0000000    1.5985145545e-17
 476.5000000    1.5968320927e-17
 477.0000000    1.7761644433e-17
 477.5000000    2.0793294491e-17
 478.0000000    2.0456771721e-17
 478.5000000    2.2572260026e-17
 479.0000000    2.7379428998e-17
 479.5000000    2.9187443175e-17
 480.0000000    2.8940048285e-17
 480.5000000    2.9453171978e-17
 481.0000000    3.2616897521e-17
 481.5000000    3.3295210554e-17
 482.0000000    3.5543472174e-17
 482.5000000    3.7474869082e-17
 483.0000000    3.9184711001e-17
 483.5000000    4.4416557186e-17
 484.0000000    5.1916729166e-17
 484.5000000    5.1321856658e-17
 485.0000000    5.7497658669e-17
 485.5000000    6.5993124500e-17
 486.0000000    6.6582776945e-17
 486.5000000    6.5879790442e-17
 487.0000000    6.9554149169e-17
 487.5000000    7.1713784743e-17
 488.0000000    7.7216691805e-17
 488.5000000    8.4771262299e-17
 489.0000000    8.6016723005e-17
 489.5000000    9.3919246499e-17
 490.0000000    1.0728872190e-16
 490.5000000    1.2696276658e-16
 491.0000000    1.3077532581e-16
 491.5000000    1.2530015836e-16
 492.0000000    1.3066608507e-16
 492.5000000    1.3857861053e-16
 493.0000000    1.4620279003e-16
 493.5000000    1.4474469352e-16
 494.0000000    1.5604509436e-16
 494.5000000    1.1103401410e-16
 495.0000000    1.9803830636e-16
 495.5000000    2.1107343828e-16
 496.0000000    5.7664610238e-17
 496.5000000    2.2892485468e-16
 497.0000000    2.4387898602e-16
 497.5000000    2.5636193300e-16
 498.0000000    2.4018637927e-16
 498.5000000    2.5812577353e-16
 499.0000000    2.8210763278e-16
 499.5000000    3.1340095257e-16
 500.0000000    3.4069381352e-16
 500.5000000    3.5363848663e-16
 501.0000000    3.8177745186e-16
 501.5000000    2.3718172417e-16
 502.0000000    4.1572891857e-16
 502.5000000    7.6918432370e-17
 503.0000000    2.1111070568e-16
 503.5000000    2.5818797276e-16
 504.0000000    4.9720142064e-16
 504.5000000    5.3656885313e-16
 505.0000000    4.1577306006e-16
 505.5000000    5.8928382379e-16
 506.0000000    2.5666217937e-16
 506.5000000    3.5611668398e-16
 507.0000000    6.2064127755e-16
 507.5000000    6.6025574030e-16
 508.0000000    4.7486065274e-17
 508.5000000    7.3510967777e-16
 509.0000000    8.1371112517e-16
 509.5000000    3.0304587612e-16
 510.0000000    2.0313538344e-16
 510.5000000    7.1113105191e-16
 511.0000000    8.2063714570e-16
 511.5000000    3.0844165692e-16
 512.0000000    5.7689867585e-16
 512.5000000    3.1000073837e-16
 513.0000000    8.0950817444e-16
 513.5000000    4.2135696350e-16
 514.0000000    3.0018040308e-16
 514.5000000    7.3110178313e-16
 515.0000000    1.1435324559e-15
 515.5000000    7.1225355862e-16
 516.0000000    8.9435939325e-16
 516.5000000    2.9734534532e-16
 517.0000000    1.4479148287e-15
 517.5000000    6.6105640867e-16
 518.0000000    3.6057225952e-16
 518.5000000    5.6618759460e-16
 519.0000000    9.1398197927e-16
 519.5000000    1.2995744737e-15
 520.0000000    1.3664425771e-15
 520.5000000    2.7698892117e-16
 521.0000000    1.5194696117e-15
 521.5000000    4.6570401132e-17
 522.0000000    8.7328830916e-16
 522.5000000    1.6189123908e-16
 523.0000000    9.8562478711e-16
 523.5000000    8.3429315681e-16
 524.0000000    2.7692385673e-16
 524.5000000    4.1234300207e-16
 525.0000000    8.9408724271e-16
 525.5000000    1.4039055326e-15
 526.0000000    1.9476885715e-15
 526.5000000    1.2263122207e-15
 527.0000000    3.8382580961e-16
 527.5000000    3.8377613333e-16
 528.0000000    5.0198322659e-16
 528.5000000    1.4435312367e-15
 529.0000000    4.2660639996e-16
 529.5000000    1.1196799587e-15
 530.0000000    1.2445716247e-15
 530.5000000    1.2264619376e-15
 531.0000000    1.2810168682e-15
 531.5000000    4.5791468801e-16
 532.0000000    5.7846714982e-16
 532.5000000    8.9455799944e-16
 533.0000000    1.4050257965e-15
 533.5000000    1.4609366213e-15
 534.0000000    8.5538392566e-16
 534.5000000    1.4078867130e-15
 535.0000000    1.8106298210e-15
 535.5000000    3.6916342296e-16
 536.0000000    5.1221447213e-16
 536.5000000    6.4813661950e-16
 537.0000000    9.3977599316e-16
 537.5000000    1.3593390371e-15
 538.0000000    1.2292207348e-15
 538.5000000    1.7459314760e-15
 539.0000000    1.2624190873e-15
 539.5000000    9.0093807136e-16
 540.0000000    3.0989088278e-16
 540.5000000    5.4598477630e-16
 541.0000000    8.6341251357e-16
 541.5000000    1.9022716206e-15
 542.0000000    8.6864136794e-16
 542.5000000    3.5680631469e-16
 543.0000000    1.9132992468e-16
 543.5000000    2.0894349272e-16
 544.0000000    9.6762882542e-16
 544.5000000    6.2010522177e-16
 545.0000000    1.6948114043e-15
 545.5000000    2.3724697859e-15
 546.0000000    2.5197407169e-15
 546.5000000    6.4142911773e-16
 547.0000000    1.1522164496e-15
 547.5000000    1.1332669266e-15
 548.0000000    1.8276676204e-15
 548.5000000    1.9491395145e-15
 549.0000000    1.3762125189e-15
 549.5000000    1.4592205594e-15
 550.0000000    2.8878192663e-15
 550.5000000    3.3784741285e-15
 551.0000000    3.8085378827e-15
 551.5000000    1.5784559970e-15
 552.0000000    5.7741621939e-15
 552.5000000    2.9178224261e-15
 553.0000000    8.5639857208e-16
 553.5000000    3.8638006847e-15
 554.0000000    4.4330091139e-15
 554.5000000    6.6071308339e-15
 555.0000000    5.3080130693e-15
 555.5000000    5.0433283209e-15
 556.0000000    6.9381040316e-15
 556.5000000    8.0843270560e-15
 557.0000000    1.0418407163e-14
 557.5000000    1.0288163392e-14
 558.0000000    1.2182491204e-14
 558.5000000    1.2993246882e-14
 559.0000000    1.2739854504e-14
 559.5000000    1.0830620027e-14
 560.0000000    1.3254111208e-14
 560.5000000    1.8243062580e-14
 561.0000000    1.7485394147e-14
 561.5000000    1.7627728301e-14
 562.0000000    1.6607371291e-14
 562.5000000    1.9578638586e-14
 563.0000000    1.4106915158e-14
 563.5000000    2.1381653971e-14
 564.0000000    2.6971690983e-14
 564.5000000    2.5615961418e-14
 565.0000000    1.9128837674e-14
 565.5000000    2.3988045826e-14
 566.0000000    2.5626685129e-14
 566.5000000    2.4375317721e-14
 567.0000000    9.1420385040e-15
 567.5000000    2.8686821936e-14
 568.0000000    2.3274173698e-14
 568.5000000    2.0741516169e-14
 569.0000000    6.5349099869e-15
 569.5000000    1.9935197690e-14
 570.0000000    2.1154494114e-14
 570.5000000    2.4360012402e-14
 571.0000000    2.1022659146e-14
 571.5000000    2.2162076354e-14
 572.0000000    9.8976642105e-15
 572.5000000    2.9684898020e-14
 573.0000000    2.9214730571e-14
 573.5000000    1.8146006998e-14
 574.0000000    1.0711904177e-14
 574.5000000    1.5534240376e-14
 575.0000000    3.7116957969e-14
 575.5000000    2.0162721856e-14
 576.0000000    9.9501540553e-15
 576.5000000    2.4283645165e-14
 577.0000000    2.0659245325e-14
 577.5000000    2.9434054266e-14
 578.0000000    2.8445386209e-14
 578.5000000    3.9155627247e-14
 579.0000000    9.7351174214e-15
 579.5000000    1.4238273541e-14
 580.0000000    4.4944924024e-14
 580.5000000    4.6268587309e-14
 581.0000000    6.3371784304e-15
 581.5000000    1.0286445729e-14
 582.0000000    3.4812874863e-14
 582.5000000    5.5240736326e-14
 583.0000000    2.7497210238e-14
 583.5000000    2.3619514872e-14
 584.0000000    2.6759836394e-14
 584.5000000    6.3450502531e-14
 585.0000000    5.1827609129e-14
 585.5000000    4.1622543971e-14
 586.0000000    3.8663452763e-14
 586.5000000    3.0856020399e-14
 587.0000000    1.1224029310e-13
 587.5000000    7.9106583158e-14
 588.0000000    7.6949803720e-14
 588.5000000    9.0241190022e-14
 589.0000000    1.1964191006e-13
 589.5000000    5.9477388599e-14
 590.0000000    3.3982541013e-14
 590.5000000    1.3478392453e-13
 591.0000000    1.3628617833e-13
 591.5000000    8.8993994058e-14
 592.0000000    6.3124558540e-14
 592.5000000    1.3965454303e-13
 593.0000000    1.8760198355e-13
 593.5000000    3.5214282342e-14
 594.0000000    1.0672083079e-13
 594.5000000    1.9576170240e-13
 595.0000000    2.9782127219e-13
 595.5000000    2.9320681625e-13
 596.0000000    1.7265311582e-13
 596.5000000    7.5495920061e-14
 597.0000000    3.4479229709e-13
 597.5000000    2.2303277184e-13
 598.0000000    1.2635198435e-13
 598.5000000    3.8081326070e-13
 599.0000000    1.6680377006e-13
 599.5000000    2.4754167447e-13
 600.0000000    3.9384007721e-13
 600.5000000    1.5307110015e-13
 601.0000000    1.2806243605e-13
 601.5000000    4.5169460305e-13
 602.0000000    5.4327226171e-13
 602.5000000    4.6306179006e-13
 603.0000000    1.6555508934e-13
 603.5000000    3.9980799674e-13
 604.0000000    2.8889857792e-13
 604.5000000    3.3876120225e-14
 605.0000000    2.0375309891e-13
 605.5000000    5.7506568227e-13
 606.0000000    3.1058542022e-13
 606.5000000    3.8685965074e-13
 607.0000000    2.5230558140e-13
 607.5000000    3.4816432902e-13
 608.0000000    2.0780960992e-13
 608.5000000    2.9224163405e-13
 609.0000000    4.1845499144e-13
 609.5000000    2.0336421423e-13
 610.0000000    3.3860412394e-13
 610.5000000    1.1585592496e-13
 611.0000000    1.5552445452e-13
 611.5000000    2.1138396666e-13
 612.0000000    6.8009157160e-13
 612.5000000    2.7597769514e-13
 613.0000000    3.5682151943e-13
 613.5000000    7.4219483497e-14
 614.0000000    6.1760000504e-14
 614.5000000    1.8014298178e-13
 615.0000000    3.3275567109e-13
 615.5000000    2.9453419530e-13
 616.0000000    1.6622053840e-13
 616.5000000    2.9453476630e-13
 617.0000000    3.9870878159e-13
 617.5000000    3.4686258769e-13
 618.0000000    3.7626583555e-13
 618.5000000    1.5354661276e-13
 619.0000000    5.0013164950e-13
 619.5000000    4.8152052124e-13
 620.0000000    4.0846144431e-13
 620.5000000    2.9152474707e-13
 621.0000000    4.2256294516e-13
 621.5000000    3.4524090269e-13
 622.0000000    5.3872647503e-13
 622.5000000    3.3125639262e-13
 623.0000000    6.0512784398e-14
 623.5000000    1.8932362934e-13
 624.0000000    1.8211809912e-13
 624.5000000    5.3372827787e-13
 625.0000000    2.8198176559e-13
 625.5000000    6.5289425840e-13
 626.0000000    9.2310778930e-14
 626.5000000    3.4722153169e-13
 627.0000000    1.7307276897e-13
 627.5000000    3.5790215326e-13
 628.0000000    5.2208846848e-13
 628.5000000    2.2851608711e-13
 629.0000000    4.0099951152e-13
 629.5000000    1.9804538747e-13
 630.0000000    5.3699234470e-14
 630.5000000    5.0530769282e-13
 631.0000000    3.4720302366e-13
 631.5000000    6.9750021930e-13
 632.0000000    1.9153291637e-13
 632.5000000    3.8636378786e-13
 633.0000000    4.4171677906e-13
 633.5000000    2.4311165500e-13
 634.0000000    3.7613276177e-13
 634.5000000    3.6457918601e-13
 635.0000000    2.4243386241e-13
 635.5000000    4.7712561509e-13
 636.0000000    2.2335051709e-13
 636.5000000    1.2658162697e-13
 637.0000000    3.0520403227e-13
 637.5000000    4.5504929826e-13
 638.0000000    2.0223204658e-13
 638.5000000    1.9642935839e-13
 639.0000000    1.2968312819e-13
 639.5000000    8.2254024091e-14
 640.0000000    2.8025762759e-13
 640.5000000    7.6757100290e-13
 641.0000000    1.9574371597e-13
 641.5000000    4.9347299171e-13
 642.0000000    3.0063228771e-13
 642.5000000    1.9090459262e-13
 643.0000000    3.1071906346e-13
 643.5000000    3.1900978226e-13
 644.0000000    2.2440683390e-13
 644.5000000    2.1444664005e-13
 645.0000000    1.9569451447e-13
 645.5000000    3.9776034295e-13
 646.0000000    1.1922165570e-13
 646.5000000    2.9403450722e-13
 647.0000000    1.8134613968e-13
 647.5000000    4.4293058430e-13
 648.0000000    1.7148088435e-13
 648.5000000    2.9349814881e-13
 649.0000000    3.6646995195e-13
 649.5000000    2.9250881051e-13
 650.0000000    3.7382294525e-13
 650.5000000    3.4954422516e-13
 651.0000000    4.5976924210e-13
 651.5000000    6.8065070298e-14
 652.0000000    2.2689117466e-13
 652.5000000    2.0947215846e-13
 653.0000000    4.4754543368e-13
 653.5000000    5.4133531116e-13
 654.0000000    3.3283037711e-13
 654.5000000    5.3253790961e-13
 655.0000000    2.6418675066e-13
 655.5000000    2.4565626589e-13
 656.0000000    2.1349008772e-13
 656.5000000    4.2230904748e-13
 657.0000000    5.0804866624e-13
 657.5000000    1.4033362528e-13
 658.0000000    5.2092318359e-13
 658.5000000    6.1327266628e-13
 659.0000000    1.8032217501e-13
 659.5000000    1.4803739407e-13
 660.0000000    1.8449660595e-13
 660.5000000    3.0567973212e-13
 661.0000000    2.6454215589e-13
 661.5000000    2.1647930502e-13
 662.0000000    4.5174028564e-13
 662.5000000    6.5333069582e-14
 663.0000000    7.5446715081e-13
 663.5000000    5.3420230101e-13
 664.0000000    6.0179955443e-13
 664.5000000    6.4683090552e-13
 665.0000000    7.1414083796e-13
 665.5000000    2.8592563685e-13
 666.0000000    2.6376410546e-13
 666.5000000    4.2571740198e-13
 667.0000000    5.1198786598e-13
 667.5000000    2.3476663669e-13
 668.0000000    2.4078944095e-13
 668.5000000    9.7052778442e-13
 669.0000000    2.9406850903e-13
 669.5000000    7.2411007748e-14
 670.0000000    2.0657983099e-13
 670.5000000    2.0823205928e-13
 671.0000000    4.4050127080e-13
 671.5000000    4.1095559652e-13
 672.0000000    3.4579691159e-14
 672.5000000    4.6850184775e-13
 673.0000000    2.7182059385e-13
 673.5000000    5.1274615226e-13
 674.0000000    4.8431538795e-13
 674.5000000    2.4476619133e-13
 675.0000000    5.3620010473e-13
 675.5000000    1.8387287260e-13
 676.0000000    8.0372010926e-13
 676.5000000    1.0902608736e-13
 677.0000000    5.0177012116e-13
 677.5000000    7.6065992918e-13
 678.0000000    2.8301476369e-13
 678.5000000    5.2690222705e-13
 679.0000000    2.2319739723e-13
 679.5000000    3.8884441033e-13
 680.0000000    7.0033710224e-13
 680.5000000    4.5985224414e-13
 681.0000000    4.2095354590e-13
 681.5000000    7.3494700086e-13
 682.0000000    3.5449897544e-13
 682.5000000    2.5329827866e-13
 683.0000000    1.1225536801e-13
 683.5000000    7.6045959290e-13
 684.0000000    1.0122354858e-12
 684.5000000    5.5655968109e-13
 685.0000000    6.1990079765e-13
 685.5000000    2.8549867963e-13
 686.0000000    9.0911807574e-13
 686.5000000    2.5708947303e-13
 687.0000000    7.9848082625e-13
 687.5000000    2.0095931575e-13
 688.0000000    8.4153658216e-13
 688.5000000    4.0516698008e-13
 689.0000000    2.3553230968e-13
 689.5000000    6.4591330658e-13
 690.0000000    5.7993135372e-13
 690.5000000    7.0422165994e-13
 691.0000000    2.5847284263e-13
 691.5000000    2.9565442077e-13
 692.0000000    3.7203548533e-13
 692.5000000    4.2079447688e-13
 693.0000000    3.3989997281e-13
 693.5000000    7.8236351495e-14
 694.0000000    3.4447874230e-13
 694.5000000    1.0215389770e-13
 695.0000000    5.8942130969e-13
 695.5000000    3.6477453611e-13
 696.0000000    6.3974701746e-13
 696.5000000    2.1100781344e-13
 697.0000000    1.7193665740e-13
 697.5000000    7.8031852055e-13
 698.0000000    8.2327577921e-13
 698.5000000    2.4928226126e-13
 699.0000000    3.7173494569e-13
 699.5000000    1.0729500998e-12
 700.0000000    5.2979606032e-13
 700.5000000    8.2855445802e-13
 701.0000000    6.9473975638e-13
 701.5000000    8.3728743968e-13
 702.0000000    4.0922518554e-13
 702.5000000    7.4643157462e-13
 703.0000000    9.6807462055e-13
 703.5000000    5.5803164817e-13
 704.0000000    1.0223920164e-13
 704.5000000    6.6747148356e-13
 705.0000000    6.3596516374e-14
 705.5000000    9.4580146779e-13
 706.0000000    7.5448506368e-13
 706.5000000    9.3142801847e-13
 707.0000000    2.7296755428e-13
 707.5000000    4.4355628945e-13
 708.0000000    4.3666205940e-13
 708.5000000    7.7535947456e-13
 709.0000000    8.9056991017e-13
 709.5000000    8.5851320627e-13
 710.0000000    8.6731409116e-13
 710.5000000    7.6932280450e-13
 711.0000000    8.9009229242e-13
 711.5000000    3.8442548132e-13
 712.0000000    6.1149970154e-13
 712.5000000    5.3025028915e-13
 713.0000000    1.4670996676e-12
 713.5000000    2.6125285645e-13
 714.0000000    2.6085445906e-13
 714.5000000    4.8889696048e-13
 715.0000000    2.2988276321e-13
 715.5000000    9.4595676478e-13
 716.0000000    6.1526176461e-13
 716.5000000    8.9510233539e-13
 717.0000000    1.2018839488e-12
 717.5000000    4.1112145883e-13
 718.0000000    1.0464888080e-12
 718.5000000    8.2645288400e-13
 719.0000000    5.2588614132e-13
 719.5000000    8.2185236373e-13
 720.0000000    4.9729088108e-13
 720.5000000    1.0486200027e-12
 721.0000000    8.1612152473e-13
 721.5000000    4.8435730852e-13
 722.0000000    1.8476134696e-13
 722.5000000    1.2022698728e-13
 723.0000000    1.1845881156e-12
 723.5000000    4.9417040881e-13
 724.0000000    1.2616579923e-12
 724.5000000    8.5793270630e-13
 725.0000000    1.6572733431e-12
 725.5000000    2.4884102922e-13
 726.0000000    1.0223320175e-12
 726.5000000    4.0827924788e-13
 727.0000000    7.5869172166e-13
 727.5000000    8.0247058522e-13
 728.0000000    7.1076234953e-13
 728.5000000    1.9684536180e-14
 729.0000000    5.1737195121e-13
 729.5000000    5.1575417689e-13
 730.0000000    8.7915088142e-14
 730.5000000    2.1387214187e-12
 731.0000000    1.6099171607e-13
 731.5000000    1.9520178475e-13
 732.0000000    1.1570984257e-12
 732.5000000    1.6204764105e-12
 733.0000000    1.0008009921e-12
 733.5000000    8.0526892276e-13
 734.0000000    1.7198119461e-13
 734.5000000    7.8971520914e-13
 735.0000000    6.9309625767e-13
 735.5000000    4.8681522736e-13
 736.0000000    5.7971441122e-13
 736.5000000    9.8837562094e-13
 737.0000000    1.5756632883e-12
 737.5000000    8.6811283573e-13
 738.0000000    1.9953367550e-12
 738.5000000    7.7114575968e-14
 739.0000000    3.6811780091e-13
 739.5000000    1.0391123476e-12
 740.0000000    1.3856033103e-13
 740.5000000    6.6890009154e-13
 741.0000000    7.2403907995e-13
 741.5000000    6.7682562415e-13
 742.0000000    1.6318337790e-12
 742.5000000    1.2552405096e-12
 743.0000000    1.1205763763e-12
 743.5000000    2.6133051414e-13
 744.0000000    3.0960308375e-13
 744.5000000    1.4734054684e-12
 745.0000000    1.4254749358e-12
 745.5000000    7.4974541606e-13
 746.0000000    1.6757082924e-12
 746.5000000    5.3399506894e-13
 747.0000000    2.6432094945e-13
 747.5000000    9.4177708261e-13
 748.0000000    1.4476915146e-12
 748.5000000    1.2925532172e-12
 749.0000000    2.3282285907e-14
 749.5000000    1.3980592482e-12
 750.0000000    1.7770337414e-12
 750.5000000    5.1384919440e-13
 751.0000000    1.0655935957e-12
 751.5000000    3.5333544589e-13
 752.0000000    3.5847624752e-13
 752.5000000    8.4004339570e-13
 753.0000000    4.8163703143e-13
 753.5000000    5.6680385944e-13
 754.0000000    1.3993425225e-12
 754.5000000    3.7492043610e-13
 755.0000000    8.0860551913e-13
 755.5000000    1.6766315037e-12
 756.0000000    9.0449350757e-13
 756.5000000    9.9156357949e-13
 757.0000000    1.0324704905e-12
 757.5000000    2.3518636088e-12
 758.0000000    5.6124804519e-13
 758.5000000    3.5270839335e-13
 759.0000000    1.1961509474e-12
 759.5000000    2.2706874022e-14
 760.0000000    1.0724259624e-12
 760.5000000    1.3030261726e-12
 761.0000000    1.2520713607e-12
 761.5000000    1.0834724187e-12
 762.0000000    1.5129010048e-12
 762.5000000    7.9571863430e-13
 763.0000000    1.3164427056e-12
 763.5000000    1.5494814708e-12
 764.0000000    9.6860866538e-13
 764.5000000    1.5328428306e-12
 765.0000000    9.6964229228e-13
 765.5000000    9.6145019367e-13
 766.0000000    1.3338214883e-12
 766.5000000    6.4145232807e-13
 767.0000000    7.5471667606e-13
 767.5000000    1.0467812380e-12
 768.0000000    5.0002716860e-13
 768.5000000    6.6261975613e-13
 769.0000000    2.0962571192e-12
 769.5000000    2.2767732311e-12
 770.0000000    7.2629933295e-13
 770.5000000    4.6987385317e-13
 771.0000000    1.1656286229e-12
 771.5000000    1.7783577612e-12
 772.0000000    1.7923401198e-12
 772.5000000    5.1448337515e-13
 773.0000000    3.5649939423e-13
 773.5000000    2.2111468887e-12
 774.0000000    7.4089766347e-13
 774.5000000    2.1503564894e-12
 775.0000000    1.5755086514e-12
 775.5000000    1.0464699001e-12
 776.0000000    1.3478228605e-12
 776.5000000    8.7366570954e-13
 777.0000000    1.7855459330e-12
 777.5000000    6.3817156919e-13
 778.0000000    1.8437662485e-12
 778.5000000    3.5048016412e-12
 779.0000000    3.7191295395e-13
 779.5000000    1.1416203043e-12
 780.0000000    1.1358711134e-12
 780.5000000    4.9410673765e-13
 781.0000000    9.7274963405e-13
 781.5000000    1.3030493759e-12
 782.0000000    1.7745834840e-12
 782.5000000    1.4226095473e-12
 783.0000000    1.7095166998e-12
 783.5000000    2.0322581062e-12
 784.0000000    1.8626162409e-12
 784.5000000    1.0898904387e-12
 785.0000000    3.6574496308e-13
 785.5000000    1.7079479692e-12
 786.0000000    1.1695289353e-12
 786.5000000    1.0775232491e-12
 787.0000000    7.4768746487e-13
 787.5000000    9.6778444167e-13
 788.0000000    5.5782807592e-13
 788.5000000    2.3774931401e-12
 789.0000000    2.4959126999e-12
 789.5000000    2.0653985316e-12
 790.0000000    1.3780892841e-12
 790.5000000    1.5179404363e-12
 791.0000000    2.8633453429e-14
 791.5000000    1.7541521782e-12
 792.0000000    1.2994956966e-12
 792.5000000    1.3796151615e-12
 793.0000000    7.8907608744e-13
 793.5000000    1.8501660935e-12
 794.0000000    1.3733500635e-12
 794.5000000    2.4613455576e-12
 795.0000000    2.0462583769e-12
 795.5000000    4.1697197085e-13
 796.0000000    1.2339779090e-12
 796.5000000    1.0032138917e-12
 797.0000000    8.6850841383e-13
 797.5000000    1.3776090875e-12
 798.0000000    9.1617901380e-13
 798.5000000    2.5572262718e-12
 799.0000000    2.1239151589e-12
 799.5000000    1.2607108579e-12
 800.0000000    2.3742674670e-12
 800.5000000    7.0300024427e-13
 801.0000000    2.3360045726e-12
 801.5000000    2.2665988562e-12
 802.0000000    7.9075217691e-13
 802.5000000    3.0431557287e-12
 803.0000000    1.5569400024e-12
 803.5000000    9.8423064381e-13
 804.0000000    1.0381921691e-12
 804.5000000    5.0745123110e-13
 805.0000000    5.2346714089e-13
 805.5000000    1.1784850389e-12
 806.0000000    1.6504377768e-12
 806.5000000    2.2283570813e-12
 807.0000000    3.4499496188e-12
 807.5000000    1.8067955449e-12
 808.0000000    1.7413532910e-12
 808.5000000    2.0339824705e-12
 809.0000000    1.2284360660e-12
 809.5000000    1.5091821958e-12
 810.0000000    4.8238500236e-13
 810.5000000    1.8046874439e-12
 811.0000000    1.3443463643e-12
 811.5000000    1.9863336086e-12
 812.0000000    6.0589181849e-13
 812.5000000    1.2436095773e-12
 813.0000000    1.8211523515e-12
 813.5000000    1.6435435258e-12
 814.0000000    1.0446429273e-12
 814.5000000    3.0183037472e-12
 815.0000000    2.5965057999e-12
 815.5000000    1.0524890773e-12
 816.0000000    1.6132781678e-12
 816.5000000    1.1514917254e-12
 817.0000000    2.6815125757e-12
 817.5000000    9.6477364442e-13
 818.0000000    1.3249155305e-12
 818.5000000    2.5056279201e-12
 819.0000000    7.9431505120e-13
 819.5000000    6.9471186133e-13
 820.0000000    3.3240587256e-12
 820.5000000    3.3174185073e-13
 821.0000000    1.1218158015e-12
 821.5000000    6.3076449928e-13
 822.0000000    2.6644045199e-12
 822.5000000    1.8694393424e-12
 823.0000000    3.4886196222e-12
 823.5000000    6.4317444457e-13
 824.0000000    3.2350412670e-12
 824.5000000    2.9598638486e-13
 825.0000000    8.8381181990e-13
 825.5000000    1.3953098873e-12
 826.0000000    1.6246005937e-12
 826.5000000    5.6658588675e-13
 827.0000000    2.1074883021e-12
 827.5000000    6.0869957995e-13
 828.0000000    1.0429589937e-12
 828.5000000    1.8009848269e-12
 829.0000000    4.7510836478e-13
 829.5000000    2.8507910767e-12
 830.0000000    2.5290968012e-12
 830.5000000    8.0421656245e-13
 831.0000000    2.1665284417e-12
 831.5000000    1.7377513281e-12
 832.0000000    1.2890922645e-12
 832.5000000    2.1654233917e-13
 833.0000000    1.7682197732e-12
 833.5000000    7.8242842230e-13
 834.0000000    6.0325647026e-13
 834.5000000    2.3391256957e-12
 835.0000000    2.2353650303e-12
 835.5000000    6.5451496598e-13
 836.0000000    4.5592339024e-13
 836.5000000    1.2794691108e-12
 837.0000000    2.6238881351e-12
 837.5000000    3.0448527671e-12
 838.0000000    2.9934244650e-12
 838.5000000    1.3405812963e-12
 839.0000000    1.7184902843e-12
 839.5000000    1.1798465306e-12
 840.0000000    1.8450337402e-12
 840.5000000    3.2151470847e-12
 841.0000000    1.4179855316e-12
 841.5000000    1.1823696789e-12
 842.0000000    6.1892589127e-13
 842.5000000    9.7118018136e-13
 843.0000000    2.0312505754e-12
 843.5000000    8.8233351038e-13
 844.0000000    4.0143357698e-12
 844.5000000    4.7535320576e-12
 845.0000000    1.3998909516e-12
 845.5000000    2.2131533126e-12
 846.0000000    1.0635356477e-12
 846.5000000    1.9298494876e-12
 847.0000000    2.3247408839e-12
 847.5000000    1.9877342704e-12
 848.0000000    1.9512237542e-12
 848.5000000    1.5665420799e-12
 849.0000000    3.4645164347e-12
 849.5000000    3.3948267300e-12
 850.0000000    1.6176629101e-12
 850.5000000    1.4705417861e-12
 851.0000000    1.6567566040e-12
 851.5000000    2.8359728402e-12
 852.0000000    1.0283325926e-12
 852.5000000    6.2757686345e-13
 853.0000000    2.4475074266e-12
 853.5000000    2.6234355249e-12
 854.0000000    2.0870196301e-12
 854.5000000    1.1893643756e-12
 855.0000000    3.2397027794e-12
 855.5000000    2.5381437510e-12
 856.0000000    6.3277300566e-13
 856.5000000    2.1483159920e-12
 857.0000000    3.6770814365e-12
 857.5000000    4.2504282373e-12
 858.0000000    1.3742321631e-12
 858.5000000    9.2236387724e-13
 859.0000000    2.3169766503e-12
 859.5000000    1.2699989418e-12
 860.0000000    2.9294356321e-12
 860.5000000    1.0958299777e-12
 861.0000000    2.0056489972e-12
 861.5000000    2.1197944356e-12
 862.0000000    4.9083863852e-12
 862.5000000    1.4893357464e-12
 863.0000000    5.0349434779e-12
 863.5000000    2.1618314555e-12
 864.0000000    2.1420391902e-12
 864.5000000    1.4405213691e-12
 865.0000000    2.8946773778e-12
 865.5000000    6.8557122281e-13
 866.0000000    1.1783403451e-12
 866.5000000    1.8605858236e-12
 867.0000000    3.8803923476e-13
 867.5000000    2.8573222515e-12
 868.0000000    3.4449489997e-12
 868.5000000    2.1663168347e-12
 869.0000000    1.5334782784e-12
 869.5000000    1.6426553750e-12
 870.0000000    3.1049562053e-12
 870.5000000    6.4037732155e-13
 871.0000000    2.0934144597e-12
 871.5000000    3.9694259968e-12
 872.0000000    2.9063855485e-12
 872.5000000    1.5822773378e-12
 873.0000000    4.9663964586e-12
 873.5000000    1.5324024413e-12
 874.0000000    4.0957404716e-12
 874.5000000    3.5879340170e-12
 875.0000000    8.6279515701e-13
 875.5000000    2.4722505239e-12
 876.0000000    6.0517499639e-12
 876.5000000    1.8340422327e-12
 877.0000000    1.8164200859e-12
 877.5000000    4.4255138895e-13
 878.0000000    1.7041940793e-12
 878.5000000    3.0365808704e-12
 879.0000000    4.8794088561e-12
 879.5000000    4.2479251391e-12
 880.0000000    3.4704009352e-12
 880.5000000    3.0065932349e-12
 881.0000000    5.7826773138e-12
 881.5000000    2.2951198682e-12
 882.0000000    3.5739371732e-12
 882.5000000    3.2738472090e-13
 883.0000000    2.3266192537e-12
 883.5000000    1.4508280264e-12
 884.0000000    3.9638251053e-12
 884.5000000    2.8482339048e-12
 885.0000000    1.9515243302e-12
 885.5000000    7.5652832787e-12
 886.0000000    2.9286304603e-12
 886.5000000    2.4275347467e-12
 887.0000000    4.8899608392e-12
 887.5000000    1.9104921294e-12
 888.0000000    2.3941234899e-12
 888.5000000    2.6915343385e-12
 889.0000000    2.1530937970e-12
 889.5000000    4.5060345320e-12
 890.0000000    2.8644379210e-12
 890.5000000    1.2330634334e-12
 891.0000000    6.7531502100e-12
 891.5000000    4.8276006283e-12
 892.0000000    4.9658193818e-12
 892.5000000    2.9757222238e-12
 893.0000000    2.4715134275e-12
 893.5000000    4.7798452517e-12
 894.0000000    2.6144539688e-12
 894.5000000    5.0087505321e-12
 895.0000000    4.7185522616e-12
 895.5000000    5.9502882044e-13
 896.0000000    2.6011798560e-12
 896.5000000    2.2876448712e-12
 897.0000000    6.5905849339e-12
 897.5000000    4.7813466010e-12
 898.0000000    2.2036398553e-12
 898.5000000    2.7964593931e-12
 899.0000000    2.8700897894e-12
 899.5000000    2.7394648519e-12
 900.0000000    5.3902687162e-12
 900.5000000    1.1137243328e-12
 901.0000000    5.3777022532e-12
 901.5000000    2.9370308645e-12
 902.0000000    4.2556017002e-12
 902.5000000    3.6424673285e-12
 903.0000000    5.4216570949e-12
 903.5000000    4.6011178703e-12
 904.0000000    2.6820183791e-12
 904.5000000    4.2365139548e-12
 905.0000000    4.7433434890e-12
 905.5000000    7.3633923373e-12
 906.0000000    5.0313414586e-12
 906.5000000    4.9331844759e-12
 907.0000000    1.9070316483e-12
 907.5000000    6.8242297503e-12
 908.0000000    3.2847754137e-12
 908.5000000    3.8953526183e-12
 909.0000000    5.8925059615e-12
 909.5000000    1.4296369507e-12
 910.0000000    4.8728884881e-12
 910.5000000    4.6063948919e-12
 911.0000000    4.3818057710e-12
 911.5000000    2.0069409854e-12
 912.0000000    1.5962295510e-12
 912.5000000    7.5265367381e-12
 913.0000000    5.1765207219e-12
 913.5000000    7.2093589194e-12
 914.0000000    7.2853986815e-12
 914.5000000    8.1329379968e-12
 915.0000000    4.7473672325e-12
 915.5000000    2.7679257185e-12
 916.0000000    8.4147512747e-12
 916.5000000    3.9960417527e-12
 917.0000000    4.0379061005e-12
 917.5000000    7.6071196966e-12
 918.0000000    5.4772307397e-12
 918.5000000    1.9382269600e-12
 919.0000000    3.4764132494e-12
 919.5000000    3.1532145225e-12
 920.0000000    5.6840582476e-12
 920.5000000    3.2865752037e-12
 921.0000000    2.4745422478e-12
 921.5000000    5.7755904618e-12
 922.0000000    4.7266543053e-12
 922.5000000    8.4471355261e-12
 923.0000000    3.0960629703e-12
 923.5000000    8.1494346265e-12
 924.0000000    9.1459639541e-12
 924.5000000    3.1938754933e-12
 925.0000000    1.0670333909e-11
 925.5000000    3.4862385135e-12
 926.0000000    4.5574619753e-13
 926.5000000    9.2415956985e-12
 927.0000000    5.6113037704e-13
 927.5000000    5.4773663750e-12
 928.0000000    1.8894101282e-12
 928.5000000    1.8990054985e-12
 929.0000000    2.7463050109e-12
 929.5000000    3.3142406723e-12
 930.0000000    6.6393635779e-12
 930.5000000    2.7150978194e-12
 931.0000000    4.6731691902e-12
 931.5000000    5.8459858229e-12
 932.0000000    3.3573555281e-12
 932.5000000    4.1020884517e-12
 933.0000000    1.3016103377e-11
 933.5000000    4.9486838165e-12
 934.0000000    1.9196229014e-12
 934.5000000    9.7250063395e-12
 935.0000000    1.2765573514e-12
 935.5000000    3.2483021570e-12
 936.0000000    4.9559467337e-12
 936.5000000    7.3551546126e-12
 937.0000000    6.2313560434e-12
 937.5000000    2.1186566425e-12
 938.0000000    1.1778168883e-12
 938.5000000    4.8051364766e-12
 939.0000000    1.3184542323e-11
 939.5000000    1.3302732897e-11
 940.0000000    9.1631171013e-12
 940.5000000    1.0589444719e-11
 941.0000000    6.3841773852e-12
 941.5000000    8.7897432360e-12
 942.0000000    5.9802267209e-12
 942.5000000    1.0822571919e-11
 943.0000000    9.2577907646e-12
 943.5000000    8.1816312172e-12
 944.0000000    1.4902779638e-11
 944.5000000    3.0990175196e-12
 945.0000000    6.1794094575e-12
 945.5000000    3.3761196209e-12
 946.0000000    9.5931514816e-12
 946.5000000    4.3708749622e-12
 947.0000000    4.3366469901e-12
 947.5000000    5.5734714086e-12
 948.0000000    1.2658506153e-11
 948.5000000    1.3481240129e-11
 949.0000000    6.8560611872e-12
 949.5000000    8.7101658215e-12
 950.0000000    2.1837636463e-11
 950.5000000    1.0034594391e-11
 951.0000000    6.0873240702e-12
 951.5000000    8.4915154130e-12
 952.0000000    5.8755482136e-12
 952.5000000    1.5534961246e-11
 953.0000000    2.7960547409e-12
 953.5000000    6.6958332660e-12
 954.0000000    1.3634562701e-11
 954.5000000    5.3024466281e-12
 955.0000000    2.7219807081e-12
 955.5000000    9.0136740684e-12
 956.0000000    1.5617137686e-11
 956.5000000    1.0241929460e-11
 957.0000000    1.7331018680e-11
 957.5000000    1.1420517688e-11
 958.0000000    2.4276301624e-11
 958.5000000    9.2133686451e-12
 959.0000000    1.5171934126e-11
 959.5000000    1.5939978273e-11
 960.0000000    7.9575814821e-12
 960.5000000    1.3283642974e-11
 961.0000000    1.3766745171e-11
 961.5000000    4.2287409584e-12
 962.0000000    1.3297277292e-11
 962.5000000    9.0990594136e-12
 963.0000000    3.0037758027e-12
 963.5000000    1.4168202113e-11
 964.0000000    5.8994197869e-12
 964.5000000    4.2547379088e-12
 965.0000000    1.8953852174e-11
 965.5000000    2.0840050949e-11
 966.0000000    1.8840581976e-11
 966.5000000    7.1316147571e-12
 967.0000000    1.5734669024e-11
 967.5000000    1.3214124083e-11
 968.0000000    3.1638545379e-11
 968.5000000    5.3704150157e-12
 969.0000000    3.9720823441e-12
 969.5000000    3.0212110642e-11
 970.0000000    1.5672381149e-11
 970.5000000    2.7632523773e-11
 971.0000000    2.3064411058e-11
 971.5000000    1.2195012096e-11
 972.0000000    1.1285358603e-11
 972.5000000    2.0230386208e-11
 973.0000000    1.1761626822e-11
 973.5000000    5.4353806178e-12
 974.0000000    6.0910371869e-12
 974.5000000    2.0866069570e-11
 975.0000000    2.2944893429e-11
 975.5000000    1.1819178172e-11
 976.0000000    3.2374705475e-11
 976.5000000    3.5558961091e-11
 977.0000000    7.9465978592e-12
 977.5000000    1.7978010576e-11
 978.0000000    2.8238583747e-11
 978.5000000    4.5056825179e-11
 979.0000000    1.6028931910e-11
 979.5000000    1.2213285908e-11
 980.0000000    6.0105195121e-12
 980.5000000    1.0597856005e-11
 981.0000000    1.0501698480e-11
