#       time         max mod phi
   0.0000000    2.8206751243e-02
   0.5000000    2.8207427651e-02
   1.0000000    2.8207712100e-02
   1.5000000    2.8207647118e-02
   2.0000000    2.8207207568e-02
   2.5000000    2.8207197206e-02
   3.0000000    2.8207598698e-02
   3.5000000    2.8207631972e-02
   4.0000000    2.8203868871e-02
   4.5000000    2.8204720679e-02
   5.0000000    2.8206417569e-02
   5.5000000    2.8206507744e-02
   6.0000000    2.8207035330e-02
   6.5000000    2.8207971287e-02
   7.0000000    2.8208786162e-02
   7.5000000    2.8210223559e-02
   8.0000000    2.8210175930e-02
   8.5000000    2.8209879347e-02
   9.0000000    2.8208205740e-02
   9.5000000    2.8207973355e-02
  10.0000000    2.8208354225e-02
  10.5000000    2.8208812101e-02
  11.0000000    2.8209022525e-02
  11.5000000    2.8208472696e-02
  12.0000000    2.8208816625e-02
  12.5000000    2.8209143016e-02
  13.0000000    2.8209455585e-02
  13.5000000    2.8209616673e-02
  14.0000000    2.8210219791e-02
  14.5000000    2.8210528696e-02
  15.0000000    2.8210758617e-02
  15.5000000    2.8210549706e-02
  16.0000000    2.8210408963e-02
  16.5000000    2.8210809684e-02
  17.0000000    2.8211391074e-02
  17.5000000    2.8211681182e-02
  18.0000000    2.8211212048e-02
  18.5000000    2.8210716024e-02
  19.0000000    2.8211170465e-02
  19.5000000    2.8211559703e-02
  20.0000000    2.8211194639e-02
  20.5000000    2.8211093151e-02
  21.0000000    2.8211372791e-02
  21.5000000    2.8211973637e-02
  22.0000000    2.8211756487e-02
  22.5000000    2.8211567821e-02
  23.0000000    2.8210796247e-02
  23.5000000    2.8212027189e-02
  24.0000000    2.8212305619e-02
  24.5000000    2.8212435274e-02
  25.0000000    2.8211934915e-02
  25.5000000    2.8211711498e-02
  26.0000000    2.8212300058e-02
  26.5000000    2.8212581871e-02
  27.0000000    2.8212601297e-02
  27.5000000    2.8212341662e-02
  28.0000000    2.8212968588e-02
  28.5000000    2.8213078284e-02
  29.0000000    2.8213045942e-02
  29.5000000    2.8212728064e-02
  30.0000000    2.8212862341e-02
  30.5000000    2.8213680044e-02
  31.0000000    2.8213904242e-02
  31.5000000    2.8213661543e-02
  32.0000000    2.8212792650e-02
  32.5000000    2.8213491280e-02
  33.0000000    2.8213956356e-02
  33.5000000    2.8214050475e-02
  34.0000000    2.8213819872e-02
  34.5000000    2.8213783473e-02
  35.0000000    2.8214079589e-02
  35.5000000    2.8214083719e-02
  36.0000000    2.8213835187e-02
  36.5000000    2.8213481700e-02
  37.0000000    2.8214235231e-02
  37.5000000    2.8214650419e-02
  38.0000000    2.8214369578e-02
  38.5000000    2.8214062162e-02
  39.0000000    2.8213826006e-02
  39.5000000    2.8214329104e-02
  40.0000000    2.8214597751e-02
  40.5000000    2.8214525947e-02
  41.0000000    2.8214138855e-02
  41.5000000    2.8214522822e-02
  42.0000000    2.8214700801e-02
  42.5000000    2.8214666575e-02
  43.0000000    2.8214397885e-02
  43.5000000    2.8214379634e-02
  44.0000000    2.8215031328e-02
  44.5000000    2.8215200283e-02
  45.0000000    2.8214872335e-02
  45.5000000    2.8214175844e-02
  46.0000000    2.8214533584e-02
  46.5000000    2.8215029389e-02
  47.0000000    2.8215265050e-02
  47.5000000    2.8214905814e-02
  48.0000000    2.8214606992e-02
  48.5000000    2.8215173189e-02
  49.0000000    2.8215255698e-02
  49.5000000    2.8215186464e-02
  50.0000000    2.8214803515e-02
  50.5000000    2.8215253976e-02
  51.0000000    2.8215702081e-02
  51.5000000    2.8215709132e-02
  52.0000000    2.8215305944e-02
  52.5000000    2.8214885959e-02
  53.0000000    2.8215551530e-02
  53.5000000    2.8215930524e-02
  54.0000000    2.8215854607e-02
  54.5000000    2.8215344725e-02
  55.0000000    2.8215398566e-02
  55.5000000    2.8215755353e-02
  56.0000000    2.8215804446e-02
  56.5000000    2.8215557384e-02
  57.0000000    2.8215094181e-02
  57.5000000    2.8215774434e-02
  58.0000000    2.8215973541e-02
  58.5000000    2.8215804399e-02
  59.0000000    2.8215280421e-02
  59.5000000    2.8215349877e-02
  60.0000000    2.8215901612e-02
  60.5000000    2.8216054502e-02
  61.0000000    2.8215753801e-02
  61.5000000    2.8215072096e-02
  62.0000000    2.8215653861e-02
  62.5000000    2.8215919436e-02
  63.0000000    2.8215862184e-02
  63.5000000    2.8215472873e-02
  64.0000000    2.8215472944e-02
  64.5000000    2.8215914137e-02
  65.0000000    2.8216011815e-02
  65.5000000    2.8215733218e-02
  66.0000000    2.8215074345e-02
  66.5000000    2.8215563611e-02
  67.0000000    2.8215957500e-02
  67.5000000    2.8215981359e-02
  68.0000000    2.8215603225e-02
  68.5000000    2.8215325610e-02
  69.0000000    2.8215839935e-02
  69.5000000    2.8216054868e-02
  70.0000000    2.8215923154e-02
  70.5000000    2.8215435744e-02
  71.0000000    2.8215677433e-02
  71.5000000    2.8216074497e-02
  72.0000000    2.8216120886e-02
  72.5000000    2.8215819432e-02
  73.0000000    2.8215333545e-02
  73.5000000    2.8216005701e-02
  74.0000000    2.8216282229e-02
  74.5000000    2.8216184901e-02
  75.0000000    2.8215694718e-02
  75.5000000    2.8215583503e-02
  76.0000000    2.8216061920e-02
  76.5000000    2.8216198294e-02
  77.0000000    2.8215979356e-02
  77.5000000    2.8215393837e-02
  78.0000000    2.8215731050e-02
  78.5000000    2.8216047835e-02
  79.0000000    2.8216044468e-02
  79.5000000    2.8215718197e-02
  80.0000000    2.8215193325e-02
  80.5000000    2.8215785018e-02
  81.0000000    2.8215981537e-02
  81.5000000    2.8215836244e-02
  82.0000000    2.8215385471e-02
  82.5000000    2.8215238873e-02
  83.0000000    2.8215761211e-02
  83.5000000    2.8215950326e-02
  84.0000000    2.8215740656e-02
  84.5000000    2.8215158753e-02
  85.0000000    2.8215325341e-02
  85.5000000    2.8215714901e-02
  86.0000000    2.8215769205e-02
  86.5000000    2.8215480889e-02
  87.0000000    2.8214951615e-02
  87.5000000    2.8215490769e-02
  88.0000000    2.8215889399e-02
  88.5000000    2.8215983176e-02
  89.0000000    2.8215753210e-02
  89.5000000    2.8215342225e-02
  90.0000000    2.8216051942e-02
  90.5000000    2.8216387997e-02
  91.0000000    2.8216334686e-02
  91.5000000    2.8215964300e-02
  92.0000000    2.8215737452e-02
  92.5000000    2.8216401579e-02
  93.0000000    2.8216733183e-02
  93.5000000    2.8216726452e-02
  94.0000000    2.8216339136e-02
  94.5000000    2.8216223854e-02
  95.0000000    2.8216792012e-02
  95.5000000    2.8217048924e-02
  96.0000000    2.8216979819e-02
  96.5000000    2.8216558051e-02
  97.0000000    2.8216565927e-02
  97.5000000    2.8217029256e-02
  98.0000000    2.8217167052e-02
  98.5000000    2.8216991089e-02
  99.0000000    2.8216567738e-02
  99.5000000    2.8216716868e-02
 100.0000000    2.8217204350e-02
 100.5000000    2.8217322421e-02
 101.0000000    2.8217101636e-02
 101.5000000    2.8216570076e-02
 102.0000000    2.8216668785e-02
 102.5000000    2.8217187705e-02
 103.0000000    2.8217402768e-02
 103.5000000    2.8217277795e-02
 104.0000000    2.8216782650e-02
 104.5000000    2.8216748790e-02
 105.0000000    2.8217166651e-02
 105.5000000    2.8217323227e-02
 106.0000000    2.8217216404e-02
 106.5000000    2.8216832370e-02
 107.0000000    2.8216739601e-02
 107.5000000    2.8217150222e-02
 108.0000000    2.8217251435e-02
 108.5000000    2.8217117183e-02
 109.0000000    2.8216738652e-02
 109.5000000    2.8216564761e-02
 110.0000000    2.8217098050e-02
 110.5000000    2.8217277147e-02
 111.0000000    2.8217153461e-02
 111.5000000    2.8216740940e-02
 112.0000000    2.8216247853e-02
 112.5000000    2.8216851389e-02
 113.0000000    2.8217206216e-02
 113.5000000    2.8217241830e-02
 114.0000000    2.8216929157e-02
 114.5000000    2.8216292269e-02
 115.0000000    2.8216634066e-02
 115.5000000    2.8216959146e-02
 116.0000000    2.8217048903e-02
 116.5000000    2.8216894912e-02
 117.0000000    2.8216491561e-02
 117.5000000    2.8216534238e-02
 118.0000000    2.8216926905e-02
 118.5000000    2.8217088675e-02
 119.0000000    2.8217086708e-02
 119.5000000    2.8216875596e-02
 120.0000000    2.8216603499e-02
 120.5000000    2.8217193723e-02
 121.0000000    2.8217456965e-02
 121.5000000    2.8217439685e-02
 122.0000000    2.8217203253e-02
 122.5000000    2.8216819484e-02
 123.0000000    2.8217241206e-02
 123.5000000    2.8217742408e-02
 124.0000000    2.8217907964e-02
 124.5000000    2.8217766527e-02
 125.0000000    2.8217363920e-02
 125.5000000    2.8217043905e-02
 126.0000000    2.8217655737e-02
 126.5000000    2.8218031475e-02
 127.0000000    2.8218097334e-02
 127.5000000    2.8217847266e-02
 128.0000000    2.8217290050e-02
 128.5000000    2.8217301199e-02
 129.0000000    2.8217733427e-02
 129.5000000    2.8218019527e-02
 130.0000000    2.8218079389e-02
 130.5000000    2.8217824542e-02
 131.0000000    2.8217211801e-02
 131.5000000    2.8217499515e-02
 132.0000000    2.8217781239e-02
 132.5000000    2.8217947551e-02
 133.0000000    2.8217924932e-02
 133.5000000    2.8217637538e-02
 134.0000000    2.8217154299e-02
 134.5000000    2.8217581621e-02
 135.0000000    2.8217766798e-02
 135.5000000    2.8217756956e-02
 136.0000000    2.8217576531e-02
 136.5000000    2.8217213117e-02
 137.0000000    2.8216818352e-02
 137.5000000    2.8217326551e-02
 138.0000000    2.8217575470e-02
 138.5000000    2.8217625799e-02
 139.0000000    2.8217538967e-02
 139.5000000    2.8217330307e-02
 140.0000000    2.8217140834e-02
 140.5000000    2.8217723076e-02
 141.0000000    2.8217982613e-02
 141.5000000    2.8217971800e-02
 142.0000000    2.8217805460e-02
 142.5000000    2.8217524793e-02
 143.0000000    2.8217147630e-02
 143.5000000    2.8217807592e-02
 144.0000000    2.8218209923e-02
 144.5000000    2.8218288767e-02
 145.0000000    2.8218093406e-02
 145.5000000    2.8217759957e-02
 146.0000000    2.8217331576e-02
 146.5000000    2.8217622505e-02
 147.0000000    2.8218059753e-02
 147.5000000    2.8218210917e-02
 148.0000000    2.8218064685e-02
 148.5000000    2.8217706305e-02
 149.0000000    2.8217250984e-02
 149.5000000    2.8217085218e-02
 150.0000000    2.8217625107e-02
 150.5000000    2.8217911138e-02
 151.0000000    2.8217893437e-02
 151.5000000    2.8217615419e-02
 152.0000000    2.8217165383e-02
 152.5000000    2.8216639026e-02
 153.0000000    2.8216833896e-02
 153.5000000    2.8217394693e-02
 154.0000000    2.8217757890e-02
 154.5000000    2.8217865139e-02
 155.0000000    2.8217722842e-02
 155.5000000    2.8217425129e-02
 156.0000000    2.8217035055e-02
 156.5000000    2.8217534306e-02
 157.0000000    2.8218030549e-02
 157.5000000    2.8218286990e-02
 158.0000000    2.8218263505e-02
 158.5000000    2.8218010591e-02
 159.0000000    2.8217664943e-02
 159.5000000    2.8217258751e-02
 160.0000000    2.8217688833e-02
 160.5000000    2.8218104108e-02
 161.0000000    2.8218262365e-02
 161.5000000    2.8218180502e-02
 162.0000000    2.8217940720e-02
 162.5000000    2.8217615169e-02
 163.0000000    2.8217230852e-02
 163.5000000    2.8217375605e-02
 164.0000000    2.8217742155e-02
 164.5000000    2.8217859132e-02
 165.0000000    2.8217734443e-02
 165.5000000    2.8217436949e-02
 166.0000000    2.8217042985e-02
 166.5000000    2.8216656156e-02
 167.0000000    2.8216508728e-02
 167.5000000    2.8217109536e-02
 168.0000000    2.8217463910e-02
 168.5000000    2.8217595954e-02
 169.0000000    2.8217594292e-02
 169.5000000    2.8217560621e-02
 170.0000000    2.8217507179e-02
 170.5000000    2.8217366080e-02
 171.0000000    2.8217225132e-02
 171.5000000    2.8217600793e-02
 172.0000000    2.8217771148e-02
 172.5000000    2.8217849418e-02
 173.0000000    2.8217877774e-02
 173.5000000    2.8217871065e-02
 174.0000000    2.8217759971e-02
 174.5000000    2.8217419836e-02
 175.0000000    2.8216850720e-02
 175.5000000    2.8216931267e-02
 176.0000000    2.8217013153e-02
 176.5000000    2.8217068059e-02
 177.0000000    2.8217095076e-02
 177.5000000    2.8217005249e-02
 178.0000000    2.8216807172e-02
 178.5000000    2.8216628904e-02
 179.0000000    2.8216333670e-02
 179.5000000    2.8216082808e-02
 180.0000000    2.8216584431e-02
 180.5000000    2.8217037280e-02
 181.0000000    2.8217370204e-02
 181.5000000    2.8217503251e-02
 182.0000000    2.8217458898e-02
 182.5000000    2.8217301563e-02
 183.0000000    2.8217119129e-02
 183.5000000    2.8216958034e-02
 184.0000000    2.8216739192e-02
 184.5000000    2.8216872550e-02
 185.0000000    2.8217023430e-02
 185.5000000    2.8217001030e-02
 186.0000000    2.8216903555e-02
 186.5000000    2.8216842346e-02
 187.0000000    2.8216743332e-02
 187.5000000    2.8216570165e-02
 188.0000000    2.8216540908e-02
 188.5000000    2.8216461855e-02
 189.0000000    2.8216259164e-02
 189.5000000    2.8216220698e-02
 190.0000000    2.8216671123e-02
 190.5000000    2.8217145395e-02
 191.0000000    2.8217535631e-02
 191.5000000    2.8217735180e-02
 192.0000000    2.8217735850e-02
 192.5000000    2.8217609740e-02
 193.0000000    2.8217445485e-02
 193.5000000    2.8217306428e-02
 194.0000000    2.8217151024e-02
 194.5000000    2.8216876001e-02
 195.0000000    2.8216462499e-02
 195.5000000    2.8216401435e-02
 196.0000000    2.8216319752e-02
 196.5000000    2.8216396128e-02
 197.0000000    2.8216799919e-02
 197.5000000    2.8217185823e-02
 198.0000000    2.8217462134e-02
 198.5000000    2.8217565346e-02
 199.0000000    2.8217506185e-02
 199.5000000    2.8217380271e-02
 200.0000000    2.8217275777e-02
 200.5000000    2.8217216830e-02
 201.0000000    2.8217111916e-02
 201.5000000    2.8216885914e-02
 202.0000000    2.8216667868e-02
 202.5000000    2.8216648852e-02
 203.0000000    2.8216565705e-02
 203.5000000    2.8216474906e-02
 204.0000000    2.8216419758e-02
 204.5000000    2.8216765562e-02
 205.0000000    2.8217051777e-02
 205.5000000    2.8217177121e-02
 206.0000000    2.8217204157e-02
 206.5000000    2.8217213227e-02
 207.0000000    2.8217254045e-02
 207.5000000    2.8217289016e-02
 208.0000000    2.8217236538e-02
 208.5000000    2.8217064830e-02
 209.0000000    2.8216761043e-02
 209.5000000    2.8216380218e-02
 210.0000000    2.8215980005e-02
 210.5000000    2.8215602887e-02
 211.0000000    2.8215547915e-02
 211.5000000    2.8215883895e-02
 212.0000000    2.8216209238e-02
 212.5000000    2.8216396354e-02
 213.0000000    2.8216497040e-02
 213.5000000    2.8216593553e-02
 214.0000000    2.8216730216e-02
 214.5000000    2.8216856322e-02
 215.0000000    2.8216890459e-02
 215.5000000    2.8216791897e-02
 216.0000000    2.8216574561e-02
 216.5000000    2.8216329790e-02
 217.0000000    2.8216115091e-02
 217.5000000    2.8215991974e-02
 218.0000000    2.8216357403e-02
 218.5000000    2.8216641939e-02
 219.0000000    2.8216796294e-02
 219.5000000    2.8216839855e-02
 220.0000000    2.8216862634e-02
 220.5000000    2.8216877741e-02
 221.0000000    2.8216919523e-02
 221.5000000    2.8216915318e-02
 222.0000000    2.8216806274e-02
 222.5000000    2.8216600606e-02
 223.0000000    2.8216304181e-02
 223.5000000    2.8216284938e-02
 224.0000000    2.8216623697e-02
 224.5000000    2.8216960067e-02
 225.0000000    2.8217259475e-02
 225.5000000    2.8217463109e-02
 226.0000000    2.8217558519e-02
 226.5000000    2.8217574139e-02
 227.0000000    2.8217571840e-02
 227.5000000    2.8217580994e-02
 228.0000000    2.8217553412e-02
 228.5000000    2.8217480288e-02
 229.0000000    2.8217814505e-02
 229.5000000    2.8218217405e-02
 230.0000000    2.8218564806e-02
 230.5000000    2.8218891304e-02
 231.0000000    2.8219213362e-02
 231.5000000    2.8219512716e-02
 232.0000000    2.8219732699e-02
 232.5000000    2.8219822193e-02
 233.0000000    2.8219825663e-02
 233.5000000    2.8219783213e-02
 234.0000000    2.8220302244e-02
 234.5000000    2.8220963833e-02
 235.0000000    2.8221559946e-02
 235.5000000    2.8222049339e-02
 236.0000000    2.8222448861e-02
 236.5000000    2.8222725720e-02
 237.0000000    2.8222907110e-02
 237.5000000    2.8223044079e-02
 238.0000000    2.8223151039e-02
 238.5000000    2.8223587909e-02
 239.0000000    2.8224325144e-02
 239.5000000    2.8224933062e-02
 240.0000000    2.8225426697e-02
 240.5000000    2.8225814289e-02
 241.0000000    2.8226143513e-02
 241.5000000    2.8226420516e-02
 242.0000000    2.8226611316e-02
 242.5000000    2.8226677006e-02
 243.0000000    2.8227266660e-02
 243.5000000    2.8227907320e-02
 244.0000000    2.8228446405e-02
 244.5000000    2.8228868281e-02
 245.0000000    2.8229187116e-02
 245.5000000    2.8229742420e-02
 246.0000000    2.8230200816e-02
 246.5000000    2.8230505919e-02
 247.0000000    2.8231375438e-02
 247.5000000    2.8232325136e-02
 248.0000000    2.8233166577e-02
 248.5000000    2.8233885664e-02
 249.0000000    2.8234444439e-02
 249.5000000    2.8234858141e-02
 250.0000000    2.8235110933e-02
 250.5000000    2.8235290227e-02
 251.0000000    2.8236206808e-02
 251.5000000    2.8236928889e-02
 252.0000000    2.8237499667e-02
 252.5000000    2.8237864996e-02
 253.0000000    2.8238530286e-02
 253.5000000    2.8239060872e-02
 254.0000000    2.8239400165e-02
 254.5000000    2.8240586752e-02
 255.0000000    2.8241584550e-02
 255.5000000    2.8242358864e-02
 256.0000000    2.8242907293e-02
 256.5000000    2.8243228745e-02
 257.0000000    2.8243308558e-02
 257.5000000    2.8243259659e-02
 258.0000000    2.8243917583e-02
 258.5000000    2.8244973694e-02
 259.0000000    2.8245839527e-02
 259.5000000    2.8246420354e-02
 260.0000000    2.8246730718e-02
 260.5000000    2.8246736756e-02
 261.0000000    2.8247315243e-02
 261.5000000    2.8247884376e-02
 262.0000000    2.8248138308e-02
 262.5000000    2.8248084962e-02
 263.0000000    2.8248209451e-02
 263.5000000    2.8248298314e-02
 264.0000000    2.8248876240e-02
 264.5000000    2.8249438284e-02
 265.0000000    2.8249604209e-02
 265.5000000    2.8249386564e-02
 266.0000000    2.8248790676e-02
 266.5000000    2.8247763503e-02
 267.0000000    2.8247970912e-02
 267.5000000    2.8248267598e-02
 268.0000000    2.8248080156e-02
 268.5000000    2.8247394745e-02
 269.0000000    2.8246193589e-02
 269.5000000    2.8244791279e-02
 270.0000000    2.8243927857e-02
 270.5000000    2.8242957320e-02
 271.0000000    2.8241958917e-02
 271.5000000    2.8240323666e-02
 272.0000000    2.8238066885e-02
 272.5000000    2.8236444149e-02
 273.0000000    2.8234331560e-02
 273.5000000    2.8231595432e-02
 274.0000000    2.8228885984e-02
 274.5000000    2.8225795915e-02
 275.0000000    2.8223076773e-02
 275.5000000    2.8219884750e-02
 276.0000000    2.8215888604e-02
 276.5000000    2.8211095171e-02
 277.0000000    2.8205844420e-02
 277.5000000    2.8201712112e-02
 278.0000000    2.8196899802e-02
 278.5000000    2.8191106271e-02
 279.0000000    2.8184311365e-02
 279.5000000    2.8176504504e-02
 280.0000000    2.8169528189e-02
 280.5000000    2.8162333082e-02
 281.0000000    2.8154025102e-02
 281.5000000    2.8144541488e-02
 282.0000000    2.8134004297e-02
 282.5000000    2.8123533140e-02
 283.0000000    2.8112538227e-02
 283.5000000    2.8100626512e-02
 284.0000000    2.8087351863e-02
 284.5000000    2.8073474987e-02
 285.0000000    2.8058839223e-02
 285.5000000    2.8042599811e-02
 286.0000000    2.8025882535e-02
 286.5000000    2.8007499707e-02
 287.0000000    2.7989032911e-02
 287.5000000    2.7968857410e-02
 288.0000000    2.7946813986e-02
 288.5000000    2.7923300802e-02
 289.0000000    2.7899229186e-02
 289.5000000    2.7873934304e-02
 290.0000000    2.7846527379e-02
 290.5000000    2.7816920809e-02
 291.0000000    2.7785051479e-02
 291.5000000    2.7753466328e-02
 292.0000000    2.7719570641e-02
 292.5000000    2.7683079605e-02
 293.0000000    2.7643873275e-02
 293.5000000    2.7602295579e-02
 294.0000000    2.7560028209e-02
 294.5000000    2.7515238403e-02
 295.0000000    2.7467438324e-02
 295.5000000    2.7416469861e-02
 296.0000000    2.7363074532e-02
 296.5000000    2.7307396160e-02
 297.0000000    2.7248988349e-02
 297.5000000    2.7187048729e-02
 298.0000000    2.7121483254e-02
 298.5000000    2.7053131668e-02
 299.0000000    2.6981408546e-02
 299.5000000    2.6906569771e-02
 300.0000000    2.6827516543e-02
 300.5000000    2.6744190077e-02
 301.0000000    2.6657039133e-02
 301.5000000    2.6566173275e-02
 302.0000000    2.6471699556e-02
 302.5000000    2.6372353078e-02
 303.0000000    2.6267959357e-02
 303.5000000    2.6158436010e-02
 304.0000000    2.6044241173e-02
 304.5000000    2.5926309825e-02
 305.0000000    2.5802901543e-02
 305.5000000    2.5673849609e-02
 306.0000000    2.5538951678e-02
 306.5000000    2.5398535266e-02
 307.0000000    2.5252680147e-02
 307.5000000    2.5100661133e-02
 308.0000000    2.4942464286e-02
 308.5000000    2.4778533042e-02
 309.0000000    2.5214279510e-02
 309.5000000    2.5764920979e-02
 310.0000000    2.6325995772e-02
 310.5000000    2.6897565332e-02
 311.0000000    2.7479650777e-02
 311.5000000    2.8072319990e-02
 312.0000000    2.8675585459e-02
 312.5000000    2.9289537439e-02
 313.0000000    2.9914378054e-02
 313.5000000    3.0550137294e-02
 314.0000000    3.1196829888e-02
 314.5000000    3.1854428400e-02
 315.0000000    3.2522908551e-02
 315.5000000    3.3202294265e-02
 316.0000000    3.3892672886e-02
 316.5000000    3.4594185330e-02
 317.0000000    3.5306880029e-02
 317.5000000    3.6030795628e-02
 318.0000000    3.6765950862e-02
 318.5000000    3.7512384058e-02
 319.0000000    3.8270110112e-02
 319.5000000    3.9039309922e-02
 320.0000000    3.9820185787e-02
 320.5000000    4.0612872556e-02
 321.0000000    4.1417652387e-02
 321.5000000    4.2234724939e-02
 322.0000000    4.3064206266e-02
 322.5000000    4.3906279030e-02
 323.0000000    4.4761392395e-02
 323.5000000    4.5630061228e-02
 324.0000000    4.6512818572e-02
 324.5000000    4.7410237247e-02
 325.0000000    4.8322934254e-02
 325.5000000    4.9251535272e-02
 326.0000000    5.0196681431e-02
 326.5000000    5.1159233627e-02
 327.0000000    5.2140291384e-02
 327.5000000    5.3141034744e-02
 328.0000000    5.4162709692e-02
 328.5000000    5.5206558385e-02
 329.0000000    5.6273863366e-02
 329.5000000    5.7366046388e-02
 330.0000000    5.8484660836e-02
 330.5000000    5.9631573252e-02
 331.0000000    6.0808799042e-02
 331.5000000    6.2018437154e-02
 332.0000000    6.3262663429e-02
 332.5000000    6.4543567910e-02
 333.0000000    6.5863382804e-02
 333.5000000    6.7224441203e-02
 334.0000000    6.8629311434e-02
 334.5000000    7.0080772731e-02
 335.0000000    7.1581772029e-02
 335.5000000    7.3135286484e-02
 336.0000000    7.4744290028e-02
 336.5000000    7.6411684450e-02
 337.0000000    7.8140511056e-02
 337.5000000    7.9933940311e-02
 338.0000000    8.1795347366e-02
 338.5000000    8.3728317520e-02
 339.0000000    8.5736609674e-02
 339.5000000    8.7824048153e-02
 340.0000000    8.9994487875e-02
 340.5000000    9.2251852539e-02
 341.0000000    9.4601014047e-02
 341.5000000    9.7047370356e-02
 342.0000000    9.9594538090e-02
 342.5000000    1.0224798307e-01
 343.0000000    1.0501370587e-01
 343.5000000    1.0789824232e-01
 344.0000000    1.1090872444e-01
 344.5000000    1.1405306022e-01
 345.0000000    1.1734016522e-01
 345.5000000    1.2078020880e-01
 346.0000000    1.2438493057e-01
 346.5000000    1.2816798819e-01
 347.0000000    1.3214516449e-01
 347.5000000    1.3633459997e-01
 348.0000000    1.4075701201e-01
 348.5000000    1.4543602018e-01
 349.0000000    1.5039840923e-01
 349.5000000    1.5567425412e-01
 350.0000000    1.6129675695e-01
 350.5000000    1.6730165823e-01
 351.0000000    1.7372573163e-01
 351.5000000    1.8060391732e-01
 352.0000000    1.8796432158e-01
 352.5000000    1.9581992852e-01
 353.0000000    2.0415543288e-01
 353.5000000    2.1290733826e-01
 354.0000000    2.2193570908e-01
 354.5000000    2.3098738954e-01
 355.0000000    2.3965266871e-01
 355.5000000    2.4731627243e-01
 356.0000000    2.5309362574e-01
 356.5000000    2.5575737754e-01
 357.0000000    2.5423472854e-01
 357.5000000    2.4633346713e-01
 358.0000000    2.3066100393e-01
 358.5000000    2.0742348960e-01
 359.0000000    1.7899797599e-01
 359.5000000    1.4915693606e-01
 360.0000000    1.2148896153e-01
 360.5000000    9.8219987613e-02
 361.0000000    7.9997120269e-02
 361.5000000    6.6349839822e-02
 362.0000000    5.6306655596e-02
 362.5000000    4.8850355244e-02
 363.0000000    4.3141300849e-02
 363.5000000    3.8571578540e-02
 364.0000000    3.4739045995e-02
 364.5000000    3.1936486879e-02
 365.0000000    2.9587440760e-02
 365.5000000    2.7915579578e-02
 366.0000000    2.7182414687e-02
 366.5000000    2.7190274876e-02
 367.0000000    2.7485474550e-02
 367.5000000    2.7841563600e-02
 368.0000000    2.8518983894e-02
 368.5000000    2.9102481248e-02
 369.0000000    2.9582479407e-02
 369.5000000    2.9969025725e-02
 370.0000000    3.0284473543e-02
 370.5000000    3.0551995971e-02
 371.0000000    3.0785576425e-02
 371.5000000    3.0985993709e-02
 372.0000000    3.1275391689e-02
 372.5000000    3.1527698121e-02
 373.0000000    3.1719157448e-02
 373.5000000    3.1857539336e-02
 374.0000000    3.1957022846e-02
 374.5000000    3.2031884320e-02
 375.0000000    3.2090434968e-02
 375.5000000    3.2132396599e-02
 376.0000000    3.2150911310e-02
 376.5000000    3.2137658123e-02
 377.0000000    3.2088164880e-02
 377.5000000    3.2004552534e-02
 378.0000000    3.1894462850e-02
 378.5000000    3.1832537687e-02
 379.0000000    3.1803837574e-02
 379.5000000    3.1772227322e-02
 380.0000000    3.1741100109e-02
 380.5000000    3.1692369346e-02
 381.0000000    3.1621983351e-02
 381.5000000    3.1530127828e-02
 382.0000000    3.1421593289e-02
 382.5000000    3.1303518037e-02
 383.0000000    3.1181962045e-02
 383.5000000    3.1059301290e-02
 384.0000000    3.0933840260e-02
 384.5000000    3.0801726477e-02
 385.0000000    3.0659899693e-02
 385.5000000    3.0508258954e-02
 386.0000000    3.0349841923e-02
 386.5000000    3.0227129434e-02
 387.0000000    3.0134739249e-02
 387.5000000    3.0041293519e-02
 388.0000000    2.9966132936e-02
 388.5000000    2.9893174281e-02
 389.0000000    2.9813273249e-02
 389.5000000    2.9727493527e-02
 390.0000000    2.9638553791e-02
 390.5000000    2.9548923043e-02
 391.0000000    2.9459196945e-02
 391.5000000    2.9367715901e-02
 392.0000000    2.9271596909e-02
 392.5000000    2.9168487862e-02
 393.0000000    2.9105643043e-02
 393.5000000    2.9056275287e-02
 394.0000000    2.9005025093e-02
 394.5000000    2.8952929342e-02
 395.0000000    2.8899193618e-02
 395.5000000    2.8841736762e-02
 396.0000000    2.8778527900e-02
 396.5000000    2.8708824186e-02
 397.0000000    2.8633529776e-02
 397.5000000    2.8554723036e-02
 398.0000000    2.8473997515e-02
 398.5000000    2.8440997417e-02
 399.0000000    2.8405435813e-02
 399.5000000    2.8376640353e-02
 400.0000000    2.8340796851e-02
 400.5000000    2.8296696502e-02
 401.0000000    2.8244783490e-02
 401.5000000    2.8186472817e-02
 402.0000000    2.8122858326e-02
 402.5000000    2.8083106241e-02
 403.0000000    2.8064272073e-02
 403.5000000    2.8038326368e-02
 404.0000000    2.8004282786e-02
 404.5000000    2.7962645375e-02
 405.0000000    2.7914452221e-02
 405.5000000    2.7860799994e-02
 406.0000000    2.7802151817e-02
 406.5000000    2.7737889930e-02
 407.0000000    2.7671726575e-02
 407.5000000    2.7638224490e-02
 408.0000000    2.7607127454e-02
 408.5000000    2.7565359810e-02
 409.0000000    2.7512941572e-02
 409.5000000    2.7482990958e-02
 410.0000000    2.7456843971e-02
 410.5000000    2.7423788525e-02
 411.0000000    2.7382575248e-02
 411.5000000    2.7332020242e-02
 412.0000000    2.7271903418e-02
 412.5000000    2.7202934914e-02
 413.0000000    2.7126323107e-02
 413.5000000    2.7079382765e-02
 414.0000000    2.7029165810e-02
 414.5000000    2.6971860813e-02
 415.0000000    2.6906797318e-02
 415.5000000    2.6833998638e-02
 416.0000000    2.6754237214e-02
 416.5000000    2.6679171115e-02
 417.0000000    2.6619508242e-02
 417.5000000    2.6554683773e-02
 418.0000000    2.6521220938e-02
 418.5000000    2.6512647421e-02
 419.0000000    2.6494474474e-02
 419.5000000    2.6466284721e-02
 420.0000000    2.6428357403e-02
 420.5000000    2.6381708389e-02
 421.0000000    2.6328077167e-02
 421.5000000    2.6267214659e-02
 422.0000000    2.6199048459e-02
 422.5000000    2.6123075196e-02
 423.0000000    2.6038893496e-02
 423.5000000    2.5946660798e-02
 424.0000000    2.5847164904e-02
 424.5000000    2.5741464874e-02
 425.0000000    2.5630369601e-02
 425.5000000    2.5516219559e-02
 426.0000000    2.5428699865e-02
 426.5000000    2.5336323390e-02
 427.0000000    2.5242215182e-02
 427.5000000    2.5159445651e-02
 428.0000000    2.5073629091e-02
 428.5000000    2.4984618294e-02
 429.0000000    2.4892043042e-02
 429.5000000    2.4798901133e-02
 430.0000000    2.4765342093e-02
 430.5000000    2.4738448222e-02
 431.0000000    2.4704580818e-02
 431.5000000    2.4664476427e-02
 432.0000000    2.4618857348e-02
 432.5000000    2.4568075957e-02
 433.0000000    2.4512038596e-02
 433.5000000    2.4450461486e-02
 434.0000000    2.4383243347e-02
 434.5000000    2.4310734845e-02
 435.0000000    2.4234289987e-02
 435.5000000    2.4153918032e-02
 436.0000000    2.4070036376e-02
 436.5000000    2.3982653912e-02
 437.0000000    2.3891545109e-02
 437.5000000    2.3796584744e-02
 438.0000000    2.3698001476e-02
 438.5000000    2.3596376759e-02
 439.0000000    2.3492377956e-02
 439.5000000    2.3386452617e-02
 440.0000000    2.3278675590e-02
 440.5000000    2.3168848614e-02
 441.0000000    2.3056815510e-02
 441.5000000    2.2942724368e-02
 442.0000000    2.2827051965e-02
 442.5000000    2.2719712025e-02
 443.0000000    2.2661586550e-02
 443.5000000    2.2603745671e-02
 444.0000000    2.2542934019e-02
 444.5000000    2.2479155837e-02
 445.0000000    2.2412712034e-02
 445.5000000    2.2344071494e-02
 446.0000000    2.2273621485e-02
 446.5000000    2.2201494094e-02
 447.0000000    2.2132115435e-02
 447.5000000    2.2064737204e-02
 448.0000000    2.1994843195e-02
 448.5000000    2.1922522981e-02
 449.0000000    2.1848123288e-02
 449.5000000    2.1772082054e-02
 450.0000000    2.1694686533e-02
 450.5000000    2.1615969222e-02
 451.0000000    2.1535784004e-02
 451.5000000    2.1453995219e-02
 452.0000000    2.1370847928e-02
 452.5000000    2.1286566473e-02
 453.0000000    2.1201366203e-02
 453.5000000    2.1115495714e-02
 454.0000000    2.1028981682e-02
 454.5000000    2.0941691388e-02
 455.0000000    2.0853494467e-02
 455.5000000    2.0764409732e-02
 456.0000000    2.0674639541e-02
 456.5000000    2.0584474403e-02
 457.0000000    2.0494122320e-02
 457.5000000    2.0403609641e-02
 458.0000000    2.0317454459e-02
 458.5000000    2.0233050370e-02
 459.0000000    2.0147805222e-02
 459.5000000    2.0061782050e-02
 460.0000000    1.9975196771e-02
 460.5000000    1.9888296980e-02
 461.0000000    1.9801222883e-02
 461.5000000    1.9713952006e-02
 462.0000000    1.9626359584e-02
 462.5000000    1.9538347697e-02
 463.0000000    1.9449946183e-02
 463.5000000    1.9361315647e-02
 464.0000000    1.9272646026e-02
 464.5000000    1.9184043779e-02
 465.0000000    1.9095489216e-02
 465.5000000    1.9006875067e-02
 466.0000000    1.8918101967e-02
 466.5000000    1.8834420701e-02
 467.0000000    1.8757712062e-02
 467.5000000    1.8680535819e-02
 468.0000000    1.8602846295e-02
 468.5000000    1.8524550438e-02
 469.0000000    1.8445604953e-02
 469.5000000    1.8366055243e-02
 470.0000000    1.8286035064e-02
 470.5000000    1.8205664595e-02
 471.0000000    1.8124977461e-02
 471.5000000    1.8043932970e-02
 472.0000000    1.7962461477e-02
 472.5000000    1.7880522163e-02
 473.0000000    1.7798160014e-02
 473.5000000    1.7715476506e-02
 474.0000000    1.7632558253e-02
 474.5000000    1.7549434871e-02
 475.0000000    1.7466059234e-02
 475.5000000    1.7382359935e-02
 476.0000000    1.7298314783e-02
 476.5000000    1.7213974729e-02
 477.0000000    1.7129421972e-02
 477.5000000    1.7044715362e-02
 478.0000000    1.6959863031e-02
 478.5000000    1.6874822605e-02
 479.0000000    1.6789538293e-02
 479.5000000    1.6703991401e-02
 480.0000000    1.6618225585e-02
 480.5000000    1.6532308012e-02
 481.0000000    1.6446278125e-02
 481.5000000    1.6360130977e-02
 482.0000000    1.6273825226e-02
 482.5000000    1.6187322192e-02
 483.0000000    1.6100621151e-02
 483.5000000    1.6013759796e-02
 484.0000000    1.5926783707e-02
 484.5000000    1.5839716818e-02
 485.0000000    1.5752550276e-02
 485.5000000    1.5665249990e-02
 486.0000000    1.5577789391e-02
 486.5000000    1.5490175721e-02
 487.0000000    1.5402443919e-02
 487.5000000    1.5314633261e-02
 488.0000000    1.5226757182e-02
 488.5000000    1.5138795788e-02
 489.0000000    1.5051610461e-02
 489.5000000    1.4964639332e-02
 490.0000000    1.4877490266e-02
 490.5000000    1.4790193280e-02
 491.0000000    1.4702793218e-02
 491.5000000    1.4615312288e-02
 492.0000000    1.4527745285e-02
 492.5000000    1.4440069050e-02
 493.0000000    1.4352260877e-02
 493.5000000    1.4264322529e-02
 494.0000000    1.4176286545e-02
 494.5000000    1.4088192757e-02
 495.0000000    1.4000058221e-02
 495.5000000    1.3911870868e-02
 496.0000000    1.3823602681e-02
 496.5000000    1.3735241106e-02
 497.0000000    1.3646800245e-02
 497.5000000    1.3558317026e-02
 498.0000000    1.3469826469e-02
 498.5000000    1.3381332091e-02
 499.0000000    1.3292815070e-02
 499.5000000    1.3204257232e-02
 500.0000000    1.3115646606e-02
 500.5000000    1.3026995922e-02
 501.0000000    1.2938349398e-02
 501.5000000    1.2849742715e-02
 502.0000000    1.2761178712e-02
 502.5000000    1.2672633344e-02
 503.0000000    1.2584079975e-02
 503.5000000    1.2495517731e-02
 504.0000000    1.2406976217e-02
 504.5000000    1.2318495203e-02
 505.0000000    1.2230098488e-02
 505.5000000    1.2141780134e-02
 506.0000000    1.2053513291e-02
 506.5000000    1.1965278927e-02
 507.0000000    1.1877084733e-02
 507.5000000    1.1788962029e-02
 508.0000000    1.1700949906e-02
 508.5000000    1.1613070582e-02
 509.0000000    1.1525314479e-02
 509.5000000    1.1437653387e-02
 510.0000000    1.1350069745e-02
 510.5000000    1.1262575105e-02
 511.0000000    1.1175206947e-02
 511.5000000    1.1088007340e-02
 512.0000000    1.1000993707e-02
 512.5000000    1.0914143773e-02
 513.0000000    1.0827423169e-02
 513.5000000    1.0740824689e-02
 514.0000000    1.0654373561e-02
 514.5000000    1.0568107427e-02
 515.0000000    1.0482059980e-02
 515.5000000    1.0396590765e-02
 516.0000000    1.0314439528e-02
 516.5000000    1.0232465095e-02
 517.0000000    1.0150701110e-02
 517.5000000    1.0069125234e-02
 518.0000000    9.9876819480e-03
 518.5000000    9.9063332205e-03
 519.0000000    9.8250949282e-03
 519.5000000    9.7440302634e-03
 520.0000000    9.6632059598e-03
 520.5000000    9.5826461162e-03
 521.0000000    9.5023190099e-03
 521.5000000    9.4221658964e-03
 522.0000000    9.3421522842e-03
 522.5000000    9.2623033201e-03
 523.0000000    9.1826895430e-03
 523.5000000    9.1033750212e-03
 524.0000000    9.0243730373e-03
 524.5000000    8.9456398319e-03
 525.0000000    8.8671126273e-03
 525.5000000    8.7887646441e-03
 526.0000000    8.7106304222e-03
 526.5000000    8.6327850957e-03
 527.0000000    8.5552901616e-03
 527.5000000    8.4781484595e-03
 528.0000000    8.4013045518e-03
 528.5000000    8.3246950757e-03
 529.0000000    8.2483074085e-03
 529.5000000    8.1721908275e-03
 530.0000000    8.0972788077e-03
 530.5000000    8.0233609609e-03
 531.0000000    7.9498431744e-03
 531.5000000    7.8766562720e-03
 532.0000000    7.8036621311e-03
 532.5000000    7.7307682100e-03
 533.0000000    7.6580094224e-03
 533.5000000    7.5855266542e-03
 534.0000000    7.5134528972e-03
 534.5000000    7.4418140782e-03
 535.0000000    7.3705148025e-03
 535.5000000    7.2994162574e-03
 536.0000000    7.2284500150e-03
 536.5000000    7.1576755824e-03
 537.0000000    7.0872417073e-03
 537.5000000    7.0172665282e-03
 538.0000000    6.9477455230e-03
 538.5000000    6.8785613292e-03
 539.0000000    6.8095815539e-03
 539.5000000    6.7407673857e-03
 540.0000000    6.6722025007e-03
 540.5000000    6.6040296792e-03
 541.0000000    6.5363447580e-03
 541.5000000    6.4691211137e-03
 542.0000000    6.4022309220e-03
 542.5000000    6.3355502142e-03
 543.0000000    6.2690637760e-03
 543.5000000    6.2028803582e-03
 544.0000000    6.1371441009e-03
 544.5000000    6.0719211244e-03
 545.0000000    6.0071517088e-03
 545.5000000    5.9426990136e-03
 546.0000000    5.8784579607e-03
 546.5000000    5.8144421494e-03
 547.0000000    5.7507760596e-03
 547.5000000    5.6875945235e-03
 548.0000000    5.6249387827e-03
 548.5000000    5.5627242696e-03
 549.0000000    5.5008090544e-03
 549.5000000    5.4391102008e-03
 550.0000000    5.3776717598e-03
 550.5000000    5.3166277430e-03
 551.0000000    5.2560952314e-03
 551.5000000    5.1960820434e-03
 552.0000000    5.1364804385e-03
 552.5000000    5.0771549433e-03
 553.0000000    5.0180529364e-03
 553.5000000    4.9592466433e-03
 554.0000000    4.9008748997e-03
 554.5000000    4.8430322511e-03
 555.0000000    4.7856938840e-03
 555.5000000    4.7287367803e-03
 556.0000000    4.6720406653e-03
 556.5000000    4.6162826284e-03
 557.0000000    4.5614766694e-03
 557.5000000    4.5071677732e-03
 558.0000000    4.4533574661e-03
 558.5000000    4.3999852485e-03
 559.0000000    4.3469585263e-03
 559.5000000    4.2942471462e-03
 560.0000000    4.2418962557e-03
 560.5000000    4.1899887651e-03
 561.0000000    4.1385773930e-03
 561.5000000    4.0876415048e-03
 562.0000000    4.0371027942e-03
 562.5000000    3.9868873406e-03
 563.0000000    3.9369837402e-03
 563.5000000    3.8874508285e-03
 564.0000000    3.8383680235e-03
 564.5000000    3.7897707025e-03
 565.0000000    3.7416208649e-03
 565.5000000    3.6938363184e-03
 566.0000000    3.6463560842e-03
 566.5000000    3.5991877272e-03
 567.0000000    3.5523987099e-03
 567.5000000    3.5060606556e-03
 568.0000000    3.4601911990e-03
 568.5000000    3.4147388339e-03
 569.0000000    3.3696225872e-03
 569.5000000    3.3247965828e-03
 570.0000000    3.2802865104e-03
 570.5000000    3.2361658806e-03
 571.0000000    3.1924932068e-03
 571.5000000    3.1492649267e-03
 572.0000000    3.1064177996e-03
 572.5000000    3.0638764905e-03
 573.0000000    3.0216116679e-03
 573.5000000    2.9796622072e-03
 574.0000000    2.9381015252e-03
 574.5000000    2.8969760486e-03
 575.0000000    2.8562658674e-03
 575.5000000    2.8158998494e-03
 576.0000000    2.7758121084e-03
 576.5000000    2.7359914987e-03
 577.0000000    2.6964889855e-03
 577.5000000    2.6573765330e-03
 578.0000000    2.6186852580e-03
 578.5000000    2.5803771284e-03
 579.0000000    2.5423783985e-03
 579.5000000    2.5046392581e-03
 580.0000000    2.4671674541e-03
 580.5000000    2.4300221166e-03
 581.0000000    2.3934112882e-03
 581.5000000    2.3588100215e-03
 582.0000000    2.3245314586e-03
 582.5000000    2.2905376192e-03
 583.0000000    2.2568269533e-03
 583.5000000    2.2234285752e-03
 584.0000000    2.1903616650e-03
 584.5000000    2.1576423859e-03
 585.0000000    2.1252539160e-03
 585.5000000    2.0931571714e-03
 586.0000000    2.0613192937e-03
 586.5000000    2.0297387034e-03
 587.0000000    1.9984443385e-03
 587.5000000    1.9674695814e-03
 588.0000000    1.9368227003e-03
 588.5000000    1.9064781259e-03
 589.0000000    1.8763955580e-03
 589.5000000    1.8465503784e-03
 590.0000000    1.8169502377e-03
 590.5000000    1.7876262196e-03
 591.0000000    1.7586057783e-03
 591.5000000    1.7298880399e-03
 592.0000000    1.7014426144e-03
 592.5000000    1.6732319864e-03
 593.0000000    1.6458495711e-03
 593.5000000    1.6192681783e-03
 594.0000000    1.5929681885e-03
 594.5000000    1.5669639102e-03
 595.0000000    1.5412329242e-03
 595.5000000    1.5157451353e-03
 596.0000000    1.4904727328e-03
 596.5000000    1.4654103846e-03
 597.0000000    1.4405772370e-03
 597.5000000    1.4159990545e-03
 598.0000000    1.3916847658e-03
 598.5000000    1.3676165961e-03
 599.0000000    1.3437619526e-03
 599.5000000    1.3200974826e-03
 600.0000000    1.2966258802e-03
 600.5000000    1.2733717570e-03
 601.0000000    1.2503594246e-03
 601.5000000    1.2275908666e-03
 602.0000000    1.2050421786e-03
 602.5000000    1.1826808420e-03
 603.0000000    1.1604899510e-03
 603.5000000    1.1384800161e-03
 604.0000000    1.1166783632e-03
 604.5000000    1.0951048250e-03
 605.0000000    1.0737536947e-03
 605.5000000    1.0529808247e-03
 606.0000000    1.0326903110e-03
 606.5000000    1.0125577570e-03
 607.0000000    9.9261239121e-04
 607.5000000    9.7288007543e-04
 608.0000000    9.5336054818e-04
 608.5000000    9.3402591902e-04
 609.0000000    9.1484169830e-04
 609.5000000    8.9579318493e-04
 610.0000000    8.7689578627e-04
 610.5000000    8.5818101693e-04
 611.0000000    8.3966938212e-04
 611.5000000    8.2135223376e-04
 612.0000000    8.0319742545e-04
 612.5000000    7.8538113052e-04
 613.0000000    7.7095077148e-04
 613.5000000    7.5667281390e-04
 614.0000000    7.4256302566e-04
 614.5000000    7.2868841457e-04
 615.0000000    7.1507133519e-04
 615.5000000    7.0166972243e-04
 616.0000000    6.8840985558e-04
 616.5000000    6.7524473992e-04
 617.0000000    6.6219049623e-04
 617.5000000    6.4931141607e-04
 618.0000000    6.3666624325e-04
 618.5000000    6.2425945994e-04
 619.0000000    6.1203688988e-04
 619.5000000    5.9992882672e-04
 620.0000000    5.8790547336e-04
 620.5000000    5.7599992768e-04
 621.0000000    5.6428045009e-04
 621.5000000    5.5279462930e-04
 622.0000000    5.4153798325e-04
 622.5000000    5.3048575401e-04
 623.0000000    5.1953078593e-04
 623.5000000    5.0866186748e-04
 624.0000000    4.9792776524e-04
 624.5000000    4.8739780504e-04
 625.0000000    4.7710627901e-04
 625.5000000    4.6702567124e-04
 626.0000000    4.5709010243e-04
 626.5000000    4.4724960941e-04
 627.0000000    4.3794102819e-04
 627.5000000    4.3255065096e-04
 628.0000000    4.2745176707e-04
 628.5000000    4.2259362139e-04
 629.0000000    4.1787848167e-04
 629.5000000    4.1323758068e-04
 630.0000000    4.1234504779e-04
 630.5000000    4.1171111326e-04
 631.0000000    4.1106498944e-04
 631.5000000    4.1041216051e-04
 632.0000000    4.1373902028e-04
 632.5000000    4.1738703641e-04
 633.0000000    4.2100576376e-04
 633.5000000    4.2462747404e-04
 634.0000000    4.2821798973e-04
 634.5000000    4.3206469906e-04
 635.0000000    4.3605205419e-04
 635.5000000    4.4010456873e-04
 636.0000000    4.4419816226e-04
 636.5000000    4.4823238726e-04
 637.0000000    4.5222569828e-04
 637.5000000    4.5620295386e-04
 638.0000000    4.6022041412e-04
 638.5000000    4.6450202858e-04
 639.0000000    4.6884039979e-04
 639.5000000    4.7319803247e-04
 640.0000000    4.7747260066e-04
 640.5000000    4.8173653989e-04
 641.0000000    4.8592716494e-04
 641.5000000    4.9011184319e-04
 642.0000000    4.9432890898e-04
 642.5000000    4.9858497208e-04
 643.0000000    5.0281481515e-04
 643.5000000    5.0700087349e-04
 644.0000000    5.1127321389e-04
 644.5000000    5.1555204499e-04
 645.0000000    5.1979116544e-04
 645.5000000    5.2409644979e-04
 646.0000000    5.2840091182e-04
 646.5000000    5.3272065647e-04
 647.0000000    5.3694539851e-04
 647.5000000    5.4111194765e-04
 648.0000000    5.4511412048e-04
 648.5000000    5.4906600193e-04
 649.0000000    5.5294347346e-04
 649.5000000    5.5677609082e-04
 650.0000000    5.6054827082e-04
 650.5000000    5.6422893921e-04
 651.0000000    5.6782563344e-04
 651.5000000    5.7177420562e-04
 652.0000000    5.7570937858e-04
 652.5000000    5.7965975477e-04
 653.0000000    5.8360997936e-04
 653.5000000    5.8751636221e-04
 654.0000000    5.9131530454e-04
 654.5000000    5.9500167544e-04
 655.0000000    5.9850058920e-04
 655.5000000    6.0182339793e-04
 656.0000000    6.0502753820e-04
 656.5000000    6.0816835757e-04
 657.0000000    6.1125354723e-04
 657.5000000    6.1423718837e-04
 658.0000000    6.1705865172e-04
 658.5000000    6.2035296372e-04
 659.0000000    6.2368588416e-04
 659.5000000    6.2684293708e-04
 660.0000000    6.2987611025e-04
 660.5000000    6.3283761136e-04
 661.0000000    6.3573700525e-04
 661.5000000    6.3853398650e-04
 662.0000000    6.4126117001e-04
 662.5000000    6.4386137477e-04
 663.0000000    6.4633308931e-04
 663.5000000    6.4872870720e-04
 664.0000000    6.5106553710e-04
 664.5000000    6.5331196859e-04
 665.0000000    6.5541442359e-04
 665.5000000    6.5734285664e-04
 666.0000000    6.5911685753e-04
 666.5000000    6.6079037124e-04
 667.0000000    6.6240750707e-04
 667.5000000    6.6396624387e-04
 668.0000000    6.6580217000e-04
 668.5000000    6.6793555581e-04
 669.0000000    6.6992290559e-04
 669.5000000    6.7174381807e-04
 670.0000000    6.7342456183e-04
 670.5000000    6.7502324455e-04
 671.0000000    6.7656094418e-04
 671.5000000    6.7802886285e-04
 672.0000000    6.7938355658e-04
 672.5000000    6.8058430316e-04
 673.0000000    6.8162828489e-04
 673.5000000    6.8255396617e-04
 674.0000000    6.8340972055e-04
 674.5000000    6.8421398605e-04
 675.0000000    6.8495826820e-04
 675.5000000    6.8575601893e-04
 676.0000000    6.8640579867e-04
 676.5000000    6.8694120246e-04
 677.0000000    6.8740659656e-04
 677.5000000    6.8782077681e-04
 678.0000000    6.8816195949e-04
 678.5000000    6.8838684944e-04
 679.0000000    6.8846795776e-04
 679.5000000    6.8841787868e-04
 680.0000000    6.8827990455e-04
 680.5000000    6.8809256331e-04
 681.0000000    6.8785791956e-04
 681.5000000    6.8754061138e-04
 682.0000000    6.8709860970e-04
 682.5000000    6.8651975505e-04
 683.0000000    6.8583320881e-04
 683.5000000    6.8508603634e-04
 684.0000000    6.8430450769e-04
 684.5000000    6.8347278026e-04
 685.0000000    6.8254714375e-04
 685.5000000    6.8149395287e-04
 686.0000000    6.8031923070e-04
 686.5000000    6.7969250748e-04
 687.0000000    6.7899648970e-04
 687.5000000    6.7823224929e-04
 688.0000000    6.7742758613e-04
 688.5000000    6.7677052041e-04
 689.0000000    6.7612863335e-04
 689.5000000    6.7537085059e-04
 690.0000000    6.7451529713e-04
 690.5000000    6.7359535358e-04
 691.0000000    6.7263242489e-04
 691.5000000    6.7161869748e-04
 692.0000000    6.7052468750e-04
 692.5000000    6.6932533730e-04
 693.0000000    6.6802250899e-04
 693.5000000    6.6664464034e-04
 694.0000000    6.6522371102e-04
 694.5000000    6.6376905747e-04
 695.0000000    6.6226561143e-04
 695.5000000    6.6068581339e-04
 696.0000000    6.5900462838e-04
 696.5000000    6.5723791905e-04
 697.0000000    6.5542039337e-04
 697.5000000    6.5357723176e-04
 698.0000000    6.5170371569e-04
 698.5000000    6.4977030642e-04
 699.0000000    6.4774895914e-04
 699.5000000    6.4563830857e-04
 700.0000000    6.4346623310e-04
 700.5000000    6.4126746129e-04
 701.0000000    6.3905516012e-04
 701.5000000    6.3681076449e-04
 702.0000000    6.3450088278e-04
 702.5000000    6.3210696335e-04
 703.0000000    6.2975151718e-04
 703.5000000    6.2737695797e-04
 704.0000000    6.2499115733e-04
 704.5000000    6.2257510820e-04
 705.0000000    6.2009926345e-04
 705.5000000    6.1755005129e-04
 706.0000000    6.1494289916e-04
 706.5000000    6.1231049857e-04
 707.0000000    6.0967619145e-04
 707.5000000    6.0703522449e-04
 708.0000000    6.0436003751e-04
 708.5000000    6.0162516874e-04
 709.0000000    5.9883045206e-04
 709.5000000    5.9600255789e-04
 710.0000000    5.9317344287e-04
 710.5000000    5.9035411319e-04
 711.0000000    5.8752627202e-04
 711.5000000    5.8465915999e-04
 712.0000000    5.8173719410e-04
 712.5000000    5.7877463398e-04
 713.0000000    5.7580461522e-04
 713.5000000    5.7285191383e-04
 714.0000000    5.6991283796e-04
 714.5000000    5.6695959995e-04
 715.0000000    5.6396548195e-04
 715.5000000    5.6092916494e-04
 716.0000000    5.5787726198e-04
 716.5000000    5.5484281675e-04
 717.0000000    5.5183821163e-04
 717.5000000    5.4884580030e-04
 718.0000000    5.4583438368e-04
 718.5000000    5.4278741455e-04
 719.0000000    5.3971867199e-04
 719.5000000    5.3666181546e-04
 720.0000000    5.3364266334e-04
 720.5000000    5.3065806505e-04
 721.0000000    5.2767973101e-04
 721.5000000    5.2467984564e-04
 722.0000000    5.2165635014e-04
 722.5000000    5.1863597145e-04
 723.0000000    5.1565229124e-04
 723.5000000    5.1271779189e-04
 724.0000000    5.0981410950e-04
 724.5000000    5.0690898986e-04
 725.0000000    5.0398531869e-04
 725.5000000    5.0105712629e-04
 726.0000000    4.9815866307e-04
 726.5000000    4.9531589398e-04
 727.0000000    4.9252507094e-04
 727.5000000    4.8975703959e-04
 728.0000000    4.8698364300e-04
 728.5000000    4.8420336561e-04
 729.0000000    4.8144392581e-04
 729.5000000    4.7873940944e-04
 730.0000000    4.7610167277e-04
 730.5000000    4.7351094269e-04
 731.0000000    4.7093396558e-04
 731.5000000    4.6835397455e-04
 732.0000000    4.6578631677e-04
 732.5000000    4.6329225639e-04
 733.0000000    4.6081976632e-04
 733.5000000    4.5843626937e-04
 734.0000000    4.5608952351e-04
 734.5000000    4.5374960431e-04
 735.0000000    4.5141661539e-04
 735.5000000    4.4911957509e-04
 736.0000000    4.4689173429e-04
 736.5000000    4.4474217081e-04
 737.0000000    4.4264848700e-04
 737.5000000    4.4057697203e-04
 738.0000000    4.3851259343e-04
 738.5000000    4.3647266363e-04
 739.0000000    4.3449226726e-04
 739.5000000    4.3259410338e-04
 740.0000000    4.3076904494e-04
 740.5000000    4.2898446808e-04
 741.0000000    4.2721314344e-04
 741.5000000    4.2545745500e-04
 742.0000000    4.2374772759e-04
 742.5000000    4.2211599911e-04
 743.0000000    4.2056811463e-04
 743.5000000    4.1907867748e-04
 744.0000000    4.1761339924e-04
 744.5000000    4.1615925495e-04
 745.0000000    4.1473596553e-04
 745.5000000    4.1337869019e-04
 746.0000000    4.1210702687e-04
 746.5000000    4.1090752946e-04
 747.0000000    4.0974521898e-04
 747.5000000    4.0859405142e-04
 748.0000000    4.0745953600e-04
 748.5000000    4.0637357550e-04
 749.0000000    4.0536603482e-04
 749.5000000    4.0443804683e-04
 750.0000000    4.0356058572e-04
 750.5000000    4.0269957458e-04
 751.0000000    4.0184541137e-04
 751.5000000    4.0102095233e-04
 752.0000000    4.0026093662e-04
 752.5000000    3.9958091251e-04
 753.0000000    3.9896300998e-04
 753.5000000    3.9837111442e-04
 754.0000000    3.9778206408e-04
 754.5000000    3.9720539672e-04
 755.0000000    3.9667429468e-04
 755.5000000    3.9621569259e-04
 756.0000000    3.9582584175e-04
 756.5000000    3.9547285693e-04
 757.0000000    3.9512398370e-04
 757.5000000    3.9477355837e-04
 758.0000000    3.9444710102e-04
 758.5000000    3.9417797670e-04
 759.0000000    3.9397713359e-04
 759.5000000    3.9382254262e-04
 760.0000000    3.9367763894e-04
 760.5000000    3.9352251499e-04
 761.0000000    3.9337044537e-04
 761.5000000    3.9325526827e-04
 762.0000000    3.9320071216e-04
 762.5000000    3.9319860298e-04
 763.0000000    3.9321512114e-04
 763.5000000    3.9321962349e-04
 764.0000000    3.9321070679e-04
 764.5000000    3.9321661467e-04
 765.0000000    3.9326959010e-04
 765.5000000    3.9337667113e-04
 766.0000000    3.9351263564e-04
 766.5000000    3.9364134773e-04
 767.0000000    3.9374673425e-04
 767.5000000    3.9384613834e-04
 768.0000000    3.9398972385e-04
 768.5000000    3.9419354028e-04
 769.0000000    3.9441436397e-04
 769.5000000    3.9461846684e-04
 770.0000000    3.9479511858e-04
 770.5000000    3.9496517964e-04
 771.0000000    3.9516189256e-04
 771.5000000    3.9540077632e-04
 772.0000000    3.9566512795e-04
 772.5000000    3.9591988857e-04
 773.0000000    3.9614164856e-04
 773.5000000    3.9633840873e-04
 774.0000000    3.9654175172e-04
 774.5000000    3.9677830064e-04
 775.0000000    3.9704556289e-04
 775.5000000    3.9731343783e-04
 776.0000000    3.9755004589e-04
 776.5000000    3.9774911062e-04
 777.0000000    3.9793483226e-04
 777.5000000    3.9814002746e-04
 778.0000000    3.9837677464e-04
 778.5000000    3.9862535262e-04
 779.0000000    3.9885114281e-04
 779.5000000    3.9903458369e-04
 780.0000000    3.9918787915e-04
 780.5000000    3.9934385456e-04
 781.0000000    3.9952676478e-04
 781.5000000    3.9973066141e-04
 782.0000000    3.9992428479e-04
 782.5000000    4.0007815026e-04
 783.0000000    4.0019005356e-04
 783.5000000    4.0028665746e-04
 784.0000000    4.0039976957e-04
 784.5000000    4.0053809496e-04
 785.0000000    4.0067926571e-04
 785.5000000    4.0078915820e-04
 786.0000000    4.0085152078e-04
 786.5000000    4.0088190921e-04
 787.0000000    4.0091371548e-04
 787.5000000    4.0096854254e-04
 788.0000000    4.0103693792e-04
 788.5000000    4.0108641728e-04
 789.0000000    4.0108970660e-04
 789.5000000    4.0104839638e-04
 790.0000000    4.0099127725e-04
 790.5000000    4.0094882292e-04
 791.0000000    4.0092620939e-04
 791.5000000    4.0089858131e-04
 792.0000000    4.0083272095e-04
 792.5000000    4.0071606141e-04
 793.0000000    4.0056757702e-04
 793.5000000    4.0042100718e-04
 794.0000000    4.0029514246e-04
 794.5000000    4.0017729077e-04
 795.0000000    4.0003444926e-04
 795.5000000    3.9984230547e-04
 796.0000000    3.9960657320e-04
 796.5000000    3.9935798485e-04
 797.0000000    3.9912536823e-04
 797.5000000    3.9891043427e-04
 798.0000000    3.9868640574e-04
 798.5000000    3.9842166092e-04
 799.0000000    3.9810760269e-04
 799.5000000    3.9776631191e-04
 800.0000000    3.9743128861e-04
 800.5000000    3.9711817296e-04
 801.0000000    3.9681116365e-04
 801.5000000    3.9647707543e-04
 802.0000000    3.9609465848e-04
 802.5000000    3.9567340640e-04
 803.0000000    3.9524534546e-04
 803.5000000    3.9483702661e-04
 804.0000000    3.9448228849e-04
 804.5000000    3.9419938912e-04
 805.0000000    3.9388444400e-04
 805.5000000    3.9353599962e-04
 806.0000000    3.9317062939e-04
 806.5000000    3.9280846969e-04
 807.0000000    3.9245559409e-04
 807.5000000    3.9209875121e-04
 808.0000000    3.9171712444e-04
 808.5000000    3.9130075942e-04
 809.0000000    3.9085944008e-04
 809.5000000    3.9041422361e-04
 810.0000000    3.8997908936e-04
 810.5000000    3.8954882593e-04
 811.0000000    3.8967611974e-04
 811.5000000    3.8995753108e-04
 812.0000000    3.9024860448e-04
 812.5000000    3.9055894879e-04
 813.0000000    3.9088169567e-04
 813.5000000    3.9119961541e-04
 814.0000000    3.9150037838e-04
 814.5000000    3.9178747297e-04
 815.0000000    3.9207713290e-04
 815.5000000    3.9238398885e-04
 816.0000000    3.9270814570e-04
 816.5000000    3.9303513728e-04
 817.0000000    3.9334878094e-04
 817.5000000    3.9364551460e-04
 818.0000000    3.9393752768e-04
 818.5000000    3.9424195517e-04
 819.0000000    3.9456572703e-04
 819.5000000    3.9489947639e-04
 820.0000000    3.9522586473e-04
 820.5000000    3.9553492240e-04
 821.0000000    3.9583283414e-04
 821.5000000    3.9613643041e-04
 822.0000000    3.9645827851e-04
 822.5000000    3.9679556477e-04
 823.0000000    3.9713259604e-04
 823.5000000    3.9745468348e-04
 824.0000000    3.9776110442e-04
 824.5000000    3.9806568589e-04
 825.0000000    3.9838452218e-04
 825.5000000    3.9872171312e-04
 826.0000000    3.9906574281e-04
 826.5000000    3.9939967399e-04
 827.0000000    3.9971610242e-04
 827.5000000    4.0002364864e-04
 828.0000000    4.0033928464e-04
 828.5000000    4.0067330344e-04
 829.0000000    4.0102022089e-04
 829.5000000    4.0136363935e-04
 830.0000000    4.0169074723e-04
 830.5000000    4.0200362458e-04
 831.0000000    4.0231737945e-04
 831.5000000    4.0264677944e-04
 832.0000000    4.0299319862e-04
 832.5000000    4.0334342221e-04
 833.0000000    4.0368135753e-04
 833.5000000    4.0400227505e-04
 834.0000000    4.0431698541e-04
 834.5000000    4.0464227872e-04
 835.0000000    4.0498609073e-04
 835.5000000    4.0534050779e-04
 836.0000000    4.0568878705e-04
 836.5000000    4.0602017847e-04
 837.0000000    4.0633944653e-04
 837.5000000    4.0666267311e-04
 838.0000000    4.0700304188e-04
 838.5000000    4.0735917719e-04
 839.0000000    4.0771637049e-04
 839.5000000    4.0805961447e-04
 840.0000000    4.0838690165e-04
 840.5000000    4.0871101374e-04
 841.0000000    4.0904821242e-04
 841.5000000    4.0940383733e-04
 842.0000000    4.0976757172e-04
 842.5000000    4.1012257908e-04
 843.0000000    4.1046041889e-04
 843.5000000    4.1079505575e-04
 844.0000000    4.1114305670e-04
 844.5000000    4.1150781091e-04
 845.0000000    4.1188759721e-04
 845.5000000    4.1226791704e-04
 846.0000000    4.1263433704e-04
 846.5000000    4.1298526738e-04
 847.0000000    4.1333335158e-04
 847.5000000    4.1369424358e-04
 848.0000000    4.1407272054e-04
 848.5000000    4.1445843837e-04
 849.0000000    4.1483508653e-04
 849.5000000    4.1519562711e-04
 850.0000000    4.1554683413e-04
 850.5000000    4.1590491400e-04
 851.0000000    4.1628099286e-04
 851.5000000    4.1667067558e-04
 852.0000000    4.1705793540e-04
 852.5000000    4.1742931494e-04
 853.0000000    4.1778585421e-04
 853.5000000    4.1814217960e-04
 854.0000000    4.1851355070e-04
 854.5000000    4.1890233152e-04
 855.0000000    4.1929588689e-04
 855.5000000    4.1967778209e-04
 856.0000000    4.2004235921e-04
 856.5000000    4.2039977029e-04
 857.0000000    4.2076699789e-04
 857.5000000    4.2115280232e-04
 858.0000000    4.2154993991e-04
 858.5000000    4.2194157699e-04
 859.0000000    4.2231622740e-04
 859.5000000    4.2267796054e-04
 860.0000000    4.2304281332e-04
 860.5000000    4.2342457581e-04
 861.0000000    4.2382255816e-04
 861.5000000    4.2422219856e-04
 862.0000000    4.2460797943e-04
 862.5000000    4.2497720355e-04
 863.0000000    4.2534241507e-04
 863.5000000    4.2572029573e-04
 864.0000000    4.2611685995e-04
 864.5000000    4.2652209504e-04
 865.0000000    4.2691883134e-04
 865.5000000    4.2729798185e-04
 866.0000000    4.2766662374e-04
 866.5000000    4.2804173657e-04
 867.0000000    4.2843513043e-04
 867.5000000    4.2884293668e-04
 868.0000000    4.2924901557e-04
 868.5000000    4.2963927826e-04
 869.0000000    4.3001421055e-04
 869.5000000    4.3038846396e-04
 870.0000000    4.3077784939e-04
 870.5000000    4.3118527197e-04
 871.0000000    4.3159812295e-04
 871.5000000    4.3199946746e-04
 872.0000000    4.3238308655e-04
 872.5000000    4.3275900489e-04
 873.0000000    4.3314458942e-04
 873.5000000    4.3354911362e-04
 874.0000000    4.3396549577e-04
 874.5000000    4.3437656290e-04
 875.0000000    4.3477029012e-04
 875.5000000    4.3515048658e-04
 876.0000000    4.3553342828e-04
 876.5000000    4.3593340056e-04
 877.0000000    4.3634998022e-04
 877.5000000    4.3676837885e-04
 878.0000000    4.3717256781e-04
 878.5000000    4.3755952731e-04
 879.0000000    4.3794194973e-04
 879.5000000    4.3833697458e-04
 880.0000000    4.3875094656e-04
 880.5000000    4.3917375196e-04
 881.0000000    4.3958779272e-04
 881.5000000    4.3998363391e-04
 882.0000000    4.4036841214e-04
 882.5000000    4.4075951248e-04
 883.0000000    4.4116911291e-04
 883.5000000    4.4159333876e-04
 884.0000000    4.4201569181e-04
 884.5000000    4.4242171215e-04
 885.0000000    4.4281183292e-04
 885.5000000    4.4320135018e-04
 886.0000000    4.4361359578e-04
 886.5000000    4.4404473208e-04
 887.0000000    4.4448403756e-04
 887.5000000    4.4491387512e-04
 888.0000000    4.4532536320e-04
 888.5000000    4.4572629213e-04
 889.0000000    4.4613422691e-04
 889.5000000    4.4656088672e-04
 890.0000000    4.4700168439e-04
 890.5000000    4.4743977310e-04
 891.0000000    4.4786104003e-04
 891.5000000    4.4826670417e-04
 892.0000000    4.4867227443e-04
 892.5000000    4.4909375954e-04
 893.0000000    4.4953340156e-04
 893.5000000    4.4997766705e-04
 894.0000000    4.5040930609e-04
 894.5000000    4.5082272932e-04
 895.0000000    4.5122899626e-04
 895.5000000    4.5164597100e-04
 896.0000000    4.5208241025e-04
 896.5000000    4.5253015293e-04
 897.0000000    4.5297136477e-04
 897.5000000    4.5339438593e-04
 898.0000000    4.5380408876e-04
 898.5000000    4.5421754222e-04
 899.0000000    4.5464882348e-04
 899.5000000    4.5509646409e-04
 900.0000000    4.5554471084e-04
 900.5000000    4.5597751723e-04
 901.0000000    4.5639284277e-04
 901.5000000    4.5680452515e-04
 902.0000000    4.5723001100e-04
 902.5000000    4.5767483054e-04
 903.0000000    4.5812766258e-04
 903.5000000    4.5857043317e-04
 904.0000000    4.5899446810e-04
 904.5000000    4.5940829019e-04
 905.0000000    4.5983007970e-04
 905.5000000    4.6027148508e-04
 906.0000000    4.6072721244e-04
 906.5000000    4.6117970314e-04
 907.0000000    4.6161475370e-04
 907.5000000    4.6203415423e-04
 908.0000000    4.6245406081e-04
 908.5000000    4.6289052959e-04
 909.0000000    4.6334511208e-04
 909.5000000    4.6380339002e-04
 910.0000000    4.6424777821e-04
 910.5000000    4.6467317231e-04
 911.0000000    4.6509148243e-04
 911.5000000    4.6552101370e-04
 912.0000000    4.6597016487e-04
 912.5000000    4.6642998110e-04
 913.0000000    4.6688219578e-04
 913.5000000    4.6731558249e-04
 914.0000000    4.6773604579e-04
 914.5000000    4.6816146220e-04
 915.0000000    4.6860584804e-04
 915.5000000    4.6906693982e-04
 916.0000000    4.6952825568e-04
 916.5000000    4.6997381127e-04
 917.0000000    4.7040238230e-04
 917.5000000    4.7082860294e-04
 918.0000000    4.7126990074e-04
 918.5000000    4.7173088789e-04
 919.0000000    4.7219912781e-04
 919.5000000    4.7265608209e-04
 920.0000000    4.7309350650e-04
 920.5000000    4.7352069180e-04
 921.0000000    4.7395607965e-04
 921.5000000    4.7441070248e-04
 922.0000000    4.7487822105e-04
 922.5000000    4.7534048545e-04
 923.0000000    4.7578368917e-04
 923.5000000    4.7621071052e-04
 924.0000000    4.7663861945e-04
 924.5000000    4.7708354768e-04
 925.0000000    4.7754640270e-04
 925.5000000    4.7801217857e-04
 926.0000000    4.7846348431e-04
 926.5000000    4.7889621512e-04
 927.0000000    4.7932338063e-04
 927.5000000    4.7976365421e-04
 928.0000000    4.8022481877e-04
 928.5000000    4.8069685943e-04
 929.0000000    4.8116088619e-04
 929.5000000    4.8160595889e-04
 930.0000000    4.8203881893e-04
 930.5000000    4.8247782326e-04
 931.0000000    4.8293644885e-04
 931.5000000    4.8341108165e-04
 932.0000000    4.8388403736e-04
 932.5000000    4.8433916801e-04
 933.0000000    4.8477613744e-04
 933.5000000    4.8521060815e-04
 934.0000000    4.8566014240e-04
 934.5000000    4.8612839093e-04
 935.0000000    4.8660171798e-04
 935.5000000    4.8706132396e-04
 936.0000000    4.8750005803e-04
 936.5000000    4.8792888722e-04
 937.0000000    4.8836720379e-04
 937.5000000    4.8882560151e-04
 938.0000000    4.8929652540e-04
 938.5000000    4.8976117918e-04
 939.0000000    4.9020651039e-04
 939.5000000    4.9063706569e-04
 940.0000000    4.9107110415e-04
 940.5000000    4.9152443199e-04
 941.0000000    4.9199639909e-04
 941.5000000    4.9247057025e-04
 942.0000000    4.9292946400e-04
 942.5000000    4.9337018477e-04
 943.0000000    4.9380699154e-04
 943.5000000    4.9425851071e-04
 944.0000000    4.9473100567e-04
 944.5000000    4.9521265091e-04
 945.0000000    4.9568393863e-04
 945.5000000    4.9613493303e-04
 946.0000000    4.9657397588e-04
 946.5000000    4.9702007690e-04
 947.0000000    4.9748577553e-04
 947.5000000    4.9796577837e-04
 948.0000000    4.9844153883e-04
 948.5000000    4.9889770724e-04
 949.0000000    4.9933577338e-04
 949.5000000    4.9977272399e-04
 950.0000000    5.0022589585e-04
 950.5000000    5.0069752770e-04
 951.0000000    5.0117281321e-04
 951.5000000    5.0163321628e-04
 952.0000000    5.0207316567e-04
 952.5000000    5.0250520587e-04
 953.0000000    5.0294896911e-04
 953.5000000    5.0341378652e-04
 954.0000000    5.0389047481e-04
 954.5000000    5.0435965769e-04
 955.0000000    5.0480919101e-04
 955.5000000    5.0524511905e-04
 956.0000000    5.0568636810e-04
 956.5000000    5.0614790081e-04
 957.0000000    5.0662736829e-04
 957.5000000    5.0710719726e-04
 958.0000000    5.0757026968e-04
 958.5000000    5.0801520515e-04
 959.0000000    5.0845759358e-04
 959.5000000    5.0891604410e-04
 960.0000000    5.0939547979e-04
 960.5000000    5.0988261618e-04
 961.0000000    5.1035770402e-04
 961.5000000    5.1081206461e-04
 962.0000000    5.1126597681e-04
 962.5000000    5.1172690544e-04
 963.0000000    5.1220727015e-04
 963.5000000    5.1270243464e-04
 964.0000000    5.1319409173e-04
 964.5000000    5.1366635373e-04
 965.0000000    5.1411972109e-04
 965.5000000    5.1457044861e-04
 966.0000000    5.1503586600e-04
 966.5000000    5.1551877000e-04
 967.0000000    5.1600486744e-04
 967.5000000    5.1647558937e-04
 968.0000000    5.1692482729e-04
 968.5000000    5.1736460753e-04
 969.0000000    5.1781459415e-04
 969.5000000    5.1828477903e-04
 970.0000000    5.1876684766e-04
 970.5000000    5.1924196002e-04
 971.0000000    5.1969796905e-04
 971.5000000    5.2014063568e-04
 972.0000000    5.2058877876e-04
 972.5000000    5.2105768080e-04
 973.0000000    5.2154630801e-04
 973.5000000    5.2203950003e-04
 974.0000000    5.2251786326e-04
 974.5000000    5.2297851805e-04
 975.0000000    5.2343564094e-04
 975.5000000    5.2390762988e-04
 976.0000000    5.2440043592e-04
 976.5000000    5.2490197549e-04
 977.0000000    5.2539264135e-04
 977.5000000    5.2586253404e-04
 978.0000000    5.2632002993e-04
 978.5000000    5.2678403776e-04
 979.0000000    5.2726685947e-04
 979.5000000    5.2776298136e-04
 980.0000000    5.2825384342e-04
 980.5000000    5.2872434598e-04
 981.0000000    5.2917634088e-04
