#       time      Noether Charge
   0.0000000    5.4255427008e-01
   0.5000000    5.4255460431e-01
   1.0000000    5.4255455901e-01
   1.5000000    5.4255461999e-01
   2.0000000    5.4255465177e-01
   2.5000000    5.4255465505e-01
   3.0000000    5.4255464486e-01
   3.5000000    5.4255461787e-01
   4.0000000    5.4255410913e-01
   4.5000000    5.4255416071e-01
   5.0000000    5.4256020443e-01
   5.5000000    5.4256104796e-01
   6.0000000    5.4256042969e-01
   6.5000000    5.4256052550e-01
   7.0000000    5.4256084051e-01
   7.5000000    5.4256141526e-01
   8.0000000    5.4256074617e-01
   8.5000000    5.4256157356e-01
   9.0000000    5.4256160209e-01
   9.5000000    5.4256165338e-01
  10.0000000    5.4256168469e-01
  10.5000000    5.4256169956e-01
  11.0000000    5.4255787501e-01
  11.5000000    5.4256700268e-01
  12.0000000    5.4255817660e-01
  12.5000000    5.4255818310e-01
  13.0000000    5.4255748303e-01
  13.5000000    5.4256508078e-01
  14.0000000    5.4255783076e-01
  14.5000000    5.4255795230e-01
  15.0000000    5.4255534876e-01
  15.5000000    5.4255809518e-01
  16.0000000    5.4255540665e-01
  16.5000000    5.4255494450e-01
  17.0000000    5.4255642901e-01
  17.5000000    5.4255661094e-01
  18.0000000    5.4255651928e-01
  18.5000000    5.4255742061e-01
  19.0000000    5.4255756538e-01
  19.5000000    5.4256124552e-01
  20.0000000    5.4256071162e-01
  20.5000000    5.4256080585e-01
  21.0000000    5.4256087688e-01
  21.5000000    5.4256093054e-01
  22.0000000    5.4256095637e-01
  22.5000000    5.4256078207e-01
  23.0000000    5.4255931104e-01
  23.5000000    5.4255806503e-01
  24.0000000    5.4255735500e-01
  24.5000000    5.4255756223e-01
  25.0000000    5.4255749165e-01
  25.5000000    5.4256002830e-01
  26.0000000    5.4255947915e-01
  26.5000000    5.4255978855e-01
  27.0000000    5.4255994998e-01
  27.5000000    5.4255989089e-01
  28.0000000    5.4256757834e-01
  28.5000000    5.4256769123e-01
  29.0000000    5.4256859771e-01
  29.5000000    5.4256868900e-01
  30.0000000    5.4256922541e-01
  30.5000000    5.4257101805e-01
  31.0000000    5.4256936099e-01
  31.5000000    5.4257262271e-01
  32.0000000    5.4257189915e-01
  32.5000000    5.4257117866e-01
  33.0000000    5.4257127914e-01
  33.5000000    5.4257136384e-01
  34.0000000    5.4257064758e-01
  34.5000000    5.4257071945e-01
  35.0000000    5.4256798304e-01
  35.5000000    5.4256808969e-01
  36.0000000    5.4256777853e-01
  36.5000000    5.4256524045e-01
  37.0000000    5.4256571361e-01
  37.5000000    5.4256610806e-01
  38.0000000    5.4256625756e-01
  38.5000000    5.4256730753e-01
  39.0000000    5.4256752557e-01
  39.5000000    5.4256834058e-01
  40.0000000    5.4256997112e-01
  40.5000000    5.4257006469e-01
  41.0000000    5.4257032323e-01
  41.5000000    5.4257038404e-01
  42.0000000    5.4257042640e-01
  42.5000000    5.4257045406e-01
  43.0000000    5.4257028826e-01
  43.5000000    5.4256938304e-01
  44.0000000    5.4256880061e-01
  44.5000000    5.4256798366e-01
  45.0000000    5.4256820764e-01
  45.5000000    5.4256814270e-01
  46.0000000    5.4256724421e-01
  46.5000000    5.4256906267e-01
  47.0000000    5.4256910593e-01
  47.5000000    5.4256938586e-01
  48.0000000    5.4257090569e-01
  48.5000000    5.4257346536e-01
  49.0000000    5.4257352346e-01
  49.5000000    5.4257502614e-01
  50.0000000    5.4257507175e-01
  50.5000000    5.4257509626e-01
  51.0000000    5.4257531214e-01
  51.5000000    5.4257335486e-01
  52.0000000    5.4257340676e-01
  52.5000000    5.4257344331e-01
  53.0000000    5.4257347795e-01
  53.5000000    5.4257331049e-01
  54.0000000    5.4257330383e-01
  54.5000000    5.4257328330e-01
  55.0000000    5.4256736712e-01
  55.5000000    5.4256773266e-01
  56.0000000    5.4256674735e-01
  56.5000000    5.4256693352e-01
  57.0000000    5.4256313766e-01
  57.5000000    5.4256369103e-01
  58.0000000    5.4256281448e-01
  58.5000000    5.4256388023e-01
  59.0000000    5.4256403250e-01
  59.5000000    5.4256498647e-01
  60.0000000    5.4256546161e-01
  60.5000000    5.4256676055e-01
  61.0000000    5.4256685323e-01
  61.5000000    5.4256692080e-01
  62.0000000    5.4256685025e-01
  62.5000000    5.4256718059e-01
  63.0000000    5.4256633403e-01
  63.5000000    5.4256697786e-01
  64.0000000    5.4256693721e-01
  64.5000000    5.4256598908e-01
  65.0000000    5.4256533341e-01
  65.5000000    5.4256443172e-01
  66.0000000    5.4256458901e-01
  66.5000000    5.4256533174e-01
  67.0000000    5.4256741913e-01
  67.5000000    5.4257091862e-01
  68.0000000    5.4256955051e-01
  68.5000000    5.4256928835e-01
  69.0000000    5.4257795755e-01
  69.5000000    5.4257894124e-01
  70.0000000    5.4257896179e-01
  70.5000000    5.4257910338e-01
  71.0000000    5.4257985957e-01
  71.5000000    5.4258017232e-01
  72.0000000    5.4258027807e-01
  72.5000000    5.4258036848e-01
  73.0000000    5.4258044253e-01
  73.5000000    5.4258051503e-01
  74.0000000    5.4257989795e-01
  74.5000000    5.4257993781e-01
  75.0000000    5.4257996199e-01
  75.5000000    5.4257831040e-01
  76.0000000    5.4257787049e-01
  76.5000000    5.4257762973e-01
  77.0000000    5.4257568497e-01
  77.5000000    5.4257535896e-01
  78.0000000    5.4257575227e-01
  78.5000000    5.4257595029e-01
  79.0000000    5.4257584821e-01
  79.5000000    5.4257614465e-01
  80.0000000    5.4257629945e-01
  80.5000000    5.4257604892e-01
  81.0000000    5.4257691919e-01
  81.5000000    5.4257620921e-01
  82.0000000    5.4257623358e-01
  82.5000000    5.4257623943e-01
  83.0000000    5.4257733008e-01
  83.5000000    5.4257828580e-01
  84.0000000    5.4257676025e-01
  84.5000000    5.4257676970e-01
  85.0000000    5.4257755883e-01
  85.5000000    5.4257610492e-01
  86.0000000    5.4257607679e-01
  86.5000000    5.4257626005e-01
  87.0000000    5.4257656210e-01
  87.5000000    5.4257994237e-01
  88.0000000    5.4258018124e-01
  88.5000000    5.4258098545e-01
  89.0000000    5.4258087518e-01
  89.5000000    5.4258193039e-01
  90.0000000    5.4258196724e-01
  90.5000000    5.4258327564e-01
  91.0000000    5.4258414237e-01
  91.5000000    5.4258256646e-01
  92.0000000    5.4258256588e-01
  92.5000000    5.4258254976e-01
  93.0000000    5.4258314185e-01
  93.5000000    5.4258308590e-01
  94.0000000    5.4258196533e-01
  94.5000000    5.4258239038e-01
  95.0000000    5.4258211770e-01
  95.5000000    5.4258200177e-01
  96.0000000    5.4257625108e-01
  96.5000000    5.4257650962e-01
  97.0000000    5.4257629002e-01
  97.5000000    5.4257286334e-01
  98.0000000    5.4257178546e-01
  98.5000000    5.4257212317e-01
  99.0000000    5.4257236977e-01
  99.5000000    5.4257328999e-01
 100.0000000    5.4257370508e-01
 100.5000000    5.4257455533e-01
 101.0000000    5.4257643633e-01
 101.5000000    5.4257388525e-01
 102.0000000    5.4257391757e-01
 102.5000000    5.4257392565e-01
 103.0000000    5.4257545679e-01
 103.5000000    5.4257543757e-01
 104.0000000    5.4257396732e-01
 104.5000000    5.4257392340e-01
 105.0000000    5.4257385469e-01
 105.5000000    5.4257645720e-01
 106.0000000    5.4257458619e-01
 106.5000000    5.4257316601e-01
 107.0000000    5.4257321670e-01
 107.5000000    5.4257643950e-01
 108.0000000    5.4257647333e-01
 108.5000000    5.4257743091e-01
 109.0000000    5.4258525017e-01
 109.5000000    5.4258564459e-01
 110.0000000    5.4258611661e-01
 110.5000000    5.4258637003e-01
 111.0000000    5.4258627403e-01
 111.5000000    5.4258719442e-01
 112.0000000    5.4258728024e-01
 112.5000000    5.4258734888e-01
 113.0000000    5.4258586127e-01
 113.5000000    5.4258642612e-01
 114.0000000    5.4258646176e-01
 114.5000000    5.4258583792e-01
 115.0000000    5.4258716554e-01
 115.5000000    5.4258718516e-01
 116.0000000    5.4258651981e-01
 116.5000000    5.4258491753e-01
 117.0000000    5.4258491154e-01
 117.5000000    5.4258107323e-01
 118.0000000    5.4258017634e-01
 118.5000000    5.4258053029e-01
 119.0000000    5.4258145571e-01
 119.5000000    5.4258135442e-01
 120.0000000    5.4258259520e-01
 120.5000000    5.4258265595e-01
 121.0000000    5.4258433302e-01
 121.5000000    5.4258500328e-01
 122.0000000    5.4258562815e-01
 122.5000000    5.4258342288e-01
 123.0000000    5.4258343881e-01
 123.5000000    5.4258343480e-01
 124.0000000    5.4258594243e-01
 124.5000000    5.4258574496e-01
 125.0000000    5.4258571143e-01
 125.5000000    5.4258534765e-01
 126.0000000    5.4258299592e-01
 126.5000000    5.4258271916e-01
 127.0000000    5.4258594490e-01
 127.5000000    5.4258553903e-01
 128.0000000    5.4258529195e-01
 128.5000000    5.4258758391e-01
 129.0000000    5.4258859500e-01
 129.5000000    5.4258876293e-01
 130.0000000    5.4258857075e-01
 130.5000000    5.4258801235e-01
 131.0000000    5.4258882575e-01
 131.5000000    5.4258870265e-01
 132.0000000    5.4258864900e-01
 132.5000000    5.4258857713e-01
 133.0000000    5.4258848654e-01
 133.5000000    5.4258961319e-01
 134.0000000    5.4258863821e-01
 134.5000000    5.4258784495e-01
 135.0000000    5.4258775403e-01
 135.5000000    5.4258715723e-01
 136.0000000    5.4258500932e-01
 136.5000000    5.4258517845e-01
 137.0000000    5.4258061701e-01
 137.5000000    5.4257817541e-01
 138.0000000    5.4257872992e-01
 138.5000000    5.4257914315e-01
 139.0000000    5.4257800988e-01
 139.5000000    5.4257846872e-01
 140.0000000    5.4258103829e-01
 140.5000000    5.4258175988e-01
 141.0000000    5.4258177642e-01
 141.5000000    5.4258176572e-01
 142.0000000    5.4258193137e-01
 142.5000000    5.4258013058e-01
 143.0000000    5.4258107593e-01
 143.5000000    5.4258191516e-01
 144.0000000    5.4258165904e-01
 144.5000000    5.4258155568e-01
 145.0000000    5.4257929406e-01
 145.5000000    5.4257813793e-01
 146.0000000    5.4258295107e-01
 146.5000000    5.4258171053e-01
 147.0000000    5.4258183830e-01
 147.5000000    5.4258967030e-01
 148.0000000    5.4258984442e-01
 148.5000000    5.4258976599e-01
 149.0000000    5.4259066951e-01
 149.5000000    5.4259023113e-01
 150.0000000    5.4259105452e-01
 150.5000000    5.4259113044e-01
 151.0000000    5.4259118700e-01
 151.5000000    5.4259242597e-01
 152.0000000    5.4259248346e-01
 152.5000000    5.4259252148e-01
 153.0000000    5.4259254076e-01
 153.5000000    5.4259191373e-01
 154.0000000    5.4259147787e-01
 154.5000000    5.4259013966e-01
 155.0000000    5.4259020514e-01
 155.5000000    5.4259074480e-01
 156.0000000    5.4258949901e-01
 156.5000000    5.4258970657e-01
 157.0000000    5.4258750063e-01
 157.5000000    5.4258761008e-01
 158.0000000    5.4258802594e-01
 158.5000000    5.4258846455e-01
 159.0000000    5.4259053355e-01
 159.5000000    5.4259057432e-01
 160.0000000    5.4258900714e-01
 160.5000000    5.4259006495e-01
 161.0000000    5.4259007927e-01
 161.5000000    5.4258800331e-01
 162.0000000    5.4258797536e-01
 162.5000000    5.4258897606e-01
 163.0000000    5.4259068113e-01
 163.5000000    5.4259043380e-01
 164.0000000    5.4259188598e-01
 164.5000000    5.4259198804e-01
 165.0000000    5.4259173205e-01
 165.5000000    5.4259169792e-01
 166.0000000    5.4259303960e-01
 166.5000000    5.4259192617e-01
 167.0000000    5.4259179872e-01
 167.5000000    5.4259179601e-01
 168.0000000    5.4259207769e-01
 168.5000000    5.4259215185e-01
 169.0000000    5.4259153947e-01
 169.5000000    5.4259152323e-01
 170.0000000    5.4259217021e-01
 170.5000000    5.4259200823e-01
 171.0000000    5.4259194381e-01
 171.5000000    5.4259175013e-01
 172.0000000    5.4259182107e-01
 172.5000000    5.4259159763e-01
 173.0000000    5.4259140565e-01
 173.5000000    5.4259188593e-01
 174.0000000    5.4259186050e-01
 174.5000000    5.4259237468e-01
 175.0000000    5.4259021855e-01
 175.5000000    5.4258667234e-01
 176.0000000    5.4258404261e-01
 176.5000000    5.4258388606e-01
 177.0000000    5.4258641918e-01
 177.5000000    5.4258583428e-01
 178.0000000    5.4258609698e-01
 178.5000000    5.4258619172e-01
 179.0000000    5.4258622550e-01
 179.5000000    5.4258619018e-01
 180.0000000    5.4258601413e-01
 180.5000000    5.4258576584e-01
 181.0000000    5.4258550524e-01
 181.5000000    5.4258596902e-01
 182.0000000    5.4258557161e-01
 182.5000000    5.4258546216e-01
 183.0000000    5.4258767666e-01
 183.5000000    5.4259466662e-01
 184.0000000    5.4259474564e-01
 184.5000000    5.4259603605e-01
 185.0000000    5.4259414251e-01
 185.5000000    5.4259426649e-01
 186.0000000    5.4259446960e-01
 186.5000000    5.4259401795e-01
 187.0000000    5.4259386111e-01
 187.5000000    5.4259393853e-01
 188.0000000    5.4259340770e-01
 188.5000000    5.4259377857e-01
 189.0000000    5.4259385305e-01
 189.5000000    5.4259397909e-01
 190.0000000    5.4259441893e-01
 190.5000000    5.4259518422e-01
 191.0000000    5.4259426129e-01
 191.5000000    5.4259351795e-01
 192.0000000    5.4259246283e-01
 192.5000000    5.4259482219e-01
 193.0000000    5.4259463710e-01
 193.5000000    5.4259335220e-01
 194.0000000    5.4259257307e-01
 194.5000000    5.4259343519e-01
 195.0000000    5.4259353010e-01
 195.5000000    5.4259348903e-01
 196.0000000    5.4259354391e-01
 196.5000000    5.4259357306e-01
 197.0000000    5.4259319301e-01
 197.5000000    5.4259337219e-01
 198.0000000    5.4259352286e-01
 198.5000000    5.4259346201e-01
 199.0000000    5.4259452516e-01
 199.5000000    5.4259572963e-01
 200.0000000    5.4259593397e-01
 200.5000000    5.4259592190e-01
 201.0000000    5.4259575629e-01
 201.5000000    5.4259572627e-01
 202.0000000    5.4259726978e-01
 202.5000000    5.4259723189e-01
 203.0000000    5.4259693045e-01
 203.5000000    5.4259511088e-01
 204.0000000    5.4259517864e-01
 204.5000000    5.4259460172e-01
 205.0000000    5.4259521220e-01
 205.5000000    5.4259552492e-01
 206.0000000    5.4259665782e-01
 206.5000000    5.4259593537e-01
 207.0000000    5.4259566222e-01
 207.5000000    5.4259511906e-01
 208.0000000    5.4259502990e-01
 208.5000000    5.4259429659e-01
 209.0000000    5.4259749030e-01
 209.5000000    5.4259672372e-01
 210.0000000    5.4259624406e-01
 210.5000000    5.4259769194e-01
 211.0000000    5.4259609106e-01
 211.5000000    5.4259121714e-01
 212.0000000    5.4259012578e-01
 212.5000000    5.4258974449e-01
 213.0000000    5.4258929128e-01
 213.5000000    5.4258955879e-01
 214.0000000    5.4258952596e-01
 214.5000000    5.4258945578e-01
 215.0000000    5.4258934855e-01
 215.5000000    5.4259015042e-01
 216.0000000    5.4259255602e-01
 216.5000000    5.4259252793e-01
 217.0000000    5.4259916498e-01
 217.5000000    5.4260022804e-01
 218.0000000    5.4260165824e-01
 218.5000000    5.4260221165e-01
 219.0000000    5.4260151377e-01
 219.5000000    5.4260131537e-01
 220.0000000    5.4260132476e-01
 220.5000000    5.4260108203e-01
 221.0000000    5.4260119269e-01
 221.5000000    5.4260145304e-01
 222.0000000    5.4260151923e-01
 222.5000000    5.4260156175e-01
 223.0000000    5.4260292332e-01
 223.5000000    5.4260230540e-01
 224.0000000    5.4260210210e-01
 224.5000000    5.4260200187e-01
 225.0000000    5.4260196849e-01
 225.5000000    5.4260242040e-01
 226.0000000    5.4260255093e-01
 226.5000000    5.4260288110e-01
 227.0000000    5.4260272497e-01
 227.5000000    5.4260214067e-01
 228.0000000    5.4260175788e-01
 228.5000000    5.4260121203e-01
 229.0000000    5.4260103511e-01
 229.5000000    5.4259795375e-01
 230.0000000    5.4259830153e-01
 230.5000000    5.4259829040e-01
 231.0000000    5.4259824693e-01
 231.5000000    5.4260125573e-01
 232.0000000    5.4260134559e-01
 232.5000000    5.4260242764e-01
 233.0000000    5.4260261371e-01
 233.5000000    5.4260259456e-01
 234.0000000    5.4260699301e-01
 234.5000000    5.4260756709e-01
 235.0000000    5.4260760365e-01
 235.5000000    5.4260659050e-01
 236.0000000    5.4260660341e-01
 236.5000000    5.4260639118e-01
 237.0000000    5.4260592514e-01
 237.5000000    5.4260587562e-01
 238.0000000    5.4260353991e-01
 238.5000000    5.4260343512e-01
 239.0000000    5.4260330231e-01
 239.5000000    5.4260252674e-01
 240.0000000    5.4260532946e-01
 240.5000000    5.4260542493e-01
 241.0000000    5.4260553930e-01
 241.5000000    5.4260527896e-01
 242.0000000    5.4260481294e-01
 242.5000000    5.4260487421e-01
 243.0000000    5.4260525036e-01
 243.5000000    5.4260489305e-01
 244.0000000    5.4260450453e-01
 244.5000000    5.4260271660e-01
 245.0000000    5.4259820015e-01
 245.5000000    5.4259792660e-01
 246.0000000    5.4259957503e-01
 246.5000000    5.4259911084e-01
 247.0000000    5.4260198843e-01
 247.5000000    5.4260220537e-01
 248.0000000    5.4260373113e-01
 248.5000000    5.4260492498e-01
 249.0000000    5.4260507799e-01
 249.5000000    5.4260699508e-01
 250.0000000    5.4260715084e-01
 250.5000000    5.4260727516e-01
 251.0000000    5.4260648450e-01
 251.5000000    5.4260653163e-01
 252.0000000    5.4260627159e-01
 252.5000000    5.4260682061e-01
 253.0000000    5.4260686301e-01
 253.5000000    5.4260708617e-01
 254.0000000    5.4260672437e-01
 254.5000000    5.4260670480e-01
 255.0000000    5.4260702212e-01
 255.5000000    5.4260741033e-01
 256.0000000    5.4260803786e-01
 256.5000000    5.4260790037e-01
 257.0000000    5.4260716520e-01
 257.5000000    5.4260697462e-01
 258.0000000    5.4260679660e-01
 258.5000000    5.4260825864e-01
 259.0000000    5.4260881260e-01
 259.5000000    5.4260825927e-01
 260.0000000    5.4260836856e-01
 260.5000000    5.4261151294e-01
 261.0000000    5.4261154042e-01
 261.5000000    5.4260853468e-01
 262.0000000    5.4260895591e-01
 262.5000000    5.4261026252e-01
 263.0000000    5.4261029242e-01
 263.5000000    5.4261155903e-01
 264.0000000    5.4261162141e-01
 264.5000000    5.4261164919e-01
 265.0000000    5.4261164239e-01
 265.5000000    5.4261118573e-01
 266.0000000    5.4261129820e-01
 266.5000000    5.4261068379e-01
 267.0000000    5.4261516885e-01
 267.5000000    5.4261535794e-01
 268.0000000    5.4260961086e-01
 268.5000000    5.4261010956e-01
 269.0000000    5.4261018513e-01
 269.5000000    5.4261600124e-01
 270.0000000    5.4260935071e-01
 270.5000000    5.4261165124e-01
 271.0000000    5.4261411505e-01
 271.5000000    5.4261343141e-01
 272.0000000    5.4261349514e-01
 272.5000000    5.4261226187e-01
 273.0000000    5.4261472788e-01
 273.5000000    5.4261356163e-01
 274.0000000    5.4261581514e-01
 274.5000000    5.4261337913e-01
 275.0000000    5.4261440102e-01
 275.5000000    5.4261031063e-01
 276.0000000    5.4261043342e-01
 276.5000000    5.4261413260e-01
 277.0000000    5.4261470091e-01
 277.5000000    5.4261496930e-01
 278.0000000    5.4261764716e-01
 278.5000000    5.4261791033e-01
 279.0000000    5.4261813448e-01
 279.5000000    5.4261831924e-01
 280.0000000    5.4261889921e-01
 280.5000000    5.4262126637e-01
 281.0000000    5.4262108775e-01
 281.5000000    5.4262061530e-01
 282.0000000    5.4262060298e-01
 282.5000000    5.4262125884e-01
 283.0000000    5.4262156112e-01
 283.5000000    5.4262203518e-01
 284.0000000    5.4262191570e-01
 284.5000000    5.4262168383e-01
 285.0000000    5.4262309313e-01
 285.5000000    5.4262360176e-01
 286.0000000    5.4262478921e-01
 286.5000000    5.4262558137e-01
 287.0000000    5.4262588161e-01
 287.5000000    5.4262479140e-01
 288.0000000    5.4262301649e-01
 288.5000000    5.4262290615e-01
 289.0000000    5.4262500869e-01
 289.5000000    5.4262616484e-01
 290.0000000    5.4262659084e-01
 290.5000000    5.4262776774e-01
 291.0000000    5.4262323145e-01
 291.5000000    5.4262663478e-01
 292.0000000    5.4262510824e-01
 292.5000000    5.4262826336e-01
 293.0000000    5.4262753688e-01
 293.5000000    5.4262771153e-01
 294.0000000    5.4262732983e-01
 294.5000000    5.4263030355e-01
 295.0000000    5.4263116175e-01
 295.5000000    5.4263074476e-01
 296.0000000    5.4263102678e-01
 296.5000000    5.4263074567e-01
 297.0000000    5.4263037619e-01
 297.5000000    5.4263322804e-01
 298.0000000    5.4263354935e-01
 298.5000000    5.4263331578e-01
 299.0000000    5.4263264576e-01
 299.5000000    5.4263152779e-01
 300.0000000    5.4263290816e-01
 300.5000000    5.4263222457e-01
 301.0000000    5.4263207725e-01
 301.5000000    5.4263390172e-01
 302.0000000    5.4263377897e-01
 302.5000000    5.4263375298e-01
 303.0000000    5.4263211326e-01
 303.5000000    5.4263071049e-01
 304.0000000    5.4263124568e-01
 304.5000000    5.4262899786e-01
 305.0000000    5.4263082626e-01
 305.5000000    5.4263115194e-01
 306.0000000    5.4263529731e-01
 306.5000000    5.4263550271e-01
 307.0000000    5.4263725445e-01
 307.5000000    5.4263957860e-01
 308.0000000    5.4264021842e-01
 308.5000000    5.4264009456e-01
 309.0000000    5.4264039778e-01
 309.5000000    5.4264119713e-01
 310.0000000    5.4264233647e-01
 310.5000000    5.4264515735e-01
 311.0000000    5.4264473817e-01
 311.5000000    5.4264589506e-01
 312.0000000    5.4264750455e-01
 312.5000000    5.4264807178e-01
 313.0000000    5.4264973830e-01
 313.5000000    5.4265078850e-01
 314.0000000    5.4265305675e-01
 314.5000000    5.4265275719e-01
 315.0000000    5.4265263184e-01
 315.5000000    5.4265786873e-01
 316.0000000    5.4265798454e-01
 316.5000000    5.4265883397e-01
 317.0000000    5.4266044980e-01
 317.5000000    5.4266315972e-01
 318.0000000    5.4266735896e-01
 318.5000000    5.4266994948e-01
 319.0000000    5.4267010515e-01
 319.5000000    5.4267272248e-01
 320.0000000    5.4267554843e-01
 320.5000000    5.4267768157e-01
 321.0000000    5.4267872583e-01
 321.5000000    5.4267994436e-01
 322.0000000    5.4268157842e-01
 322.5000000    5.4268228982e-01
 323.0000000    5.4268342795e-01
 323.5000000    5.4268402932e-01
 324.0000000    5.4268631211e-01
 324.5000000    5.4268732652e-01
 325.0000000    5.4268800681e-01
 325.5000000    5.4268847414e-01
 326.0000000    5.4268982244e-01
 326.5000000    5.4268586001e-01
 327.0000000    5.4268684513e-01
 327.5000000    5.4268840664e-01
 328.0000000    5.4268972354e-01
 328.5000000    5.4269051679e-01
 329.0000000    5.4269132111e-01
 329.5000000    5.4269224847e-01
 330.0000000    5.4269200338e-01
 330.5000000    5.4269326707e-01
 331.0000000    5.4269427887e-01
 331.5000000    5.4269437322e-01
 332.0000000    5.4269482461e-01
 332.5000000    5.4269566617e-01
 333.0000000    5.4269725611e-01
 333.5000000    5.4269665514e-01
 334.0000000    5.4269647124e-01
 334.5000000    5.4269779646e-01
 335.0000000    5.4269861830e-01
 335.5000000    5.4269853036e-01
 336.0000000    5.4270002045e-01
 336.5000000    5.4269962390e-01
 337.0000000    5.4269933188e-01
 337.5000000    5.4270020901e-01
 338.0000000    5.4270357433e-01
 338.5000000    5.4270379123e-01
 339.0000000    5.4270246576e-01
 339.5000000    5.4270355917e-01
 340.0000000    5.4270344421e-01
 340.5000000    5.4270172264e-01
 341.0000000    5.4270366836e-01
 341.5000000    5.4270322175e-01
 342.0000000    5.4270226222e-01
 342.5000000    5.4270279754e-01
 343.0000000    5.4270319260e-01
 343.5000000    5.4270363469e-01
 344.0000000    5.4270297375e-01
 344.5000000    5.4270307441e-01
 345.0000000    5.4270336684e-01
 345.5000000    5.4270254342e-01
 346.0000000    5.4270368075e-01
 346.5000000    5.4270359229e-01
 347.0000000    5.4270439811e-01
 347.5000000    5.4270428698e-01
 348.0000000    5.4270476722e-01
 348.5000000    5.4270477126e-01
 349.0000000    5.4270494922e-01
 349.5000000    5.4270437509e-01
 350.0000000    5.4270477328e-01
 350.5000000    5.4270379193e-01
 351.0000000    5.4270325062e-01
 351.5000000    5.4270309329e-01
 352.0000000    5.4270153708e-01
 352.5000000    5.4269386811e-01
 353.0000000    5.4268936940e-01
 353.5000000    5.4268099842e-01
 354.0000000    5.4266529087e-01
 354.5000000    5.4263353666e-01
 355.0000000    5.4256657817e-01
 355.5000000    5.4241513710e-01
 356.0000000    5.4205311401e-01
 356.5000000    5.4116746144e-01
 357.0000000    5.3899342001e-01
 357.5000000    5.3376747848e-01
 358.0000000    5.2178219139e-01
 358.5000000    4.9757682559e-01
 359.0000000    4.5940332190e-01
 359.5000000    4.1504793090e-01
 360.0000000    3.7548065235e-01
 360.5000000    3.4565194295e-01
 361.0000000    3.2471659192e-01
 361.5000000    3.1008501804e-01
 362.0000000    2.9957175587e-01
 362.5000000    2.9175573006e-01
 363.0000000    2.8577056433e-01
 363.5000000    2.8107650320e-01
 364.0000000    2.7731826837e-01
 364.5000000    2.7424970243e-01
 365.0000000    2.7169568640e-01
 365.5000000    2.6952749614e-01
 366.0000000    2.6765339717e-01
 366.5000000    2.6600413445e-01
 367.0000000    2.6452622085e-01
 367.5000000    2.6318156154e-01
 368.0000000    2.6193749922e-01
 368.5000000    2.6077126013e-01
 369.0000000    2.5966334970e-01
 369.5000000    2.5859830225e-01
 370.0000000    2.5756138904e-01
 370.5000000    2.5654880692e-01
 371.0000000    2.5555060957e-01
 371.5000000    2.5456196666e-01
 372.0000000    2.5357835158e-01
 372.5000000    2.5259829213e-01
 373.0000000    2.5161955714e-01
 373.5000000    2.5064024836e-01
 374.0000000    2.4965921148e-01
 374.5000000    2.4867865921e-01
 375.0000000    2.4769738463e-01
 375.5000000    2.4671538772e-01
 376.0000000    2.4573395370e-01
 376.5000000    2.4475335177e-01
 377.0000000    2.4377433367e-01
 377.5000000    2.4279801003e-01
 378.0000000    2.4182483039e-01
 378.5000000    2.4085462571e-01
 379.0000000    2.3988992542e-01
 379.5000000    2.3892995592e-01
 380.0000000    2.3797514072e-01
 380.5000000    2.3702689375e-01
 381.0000000    2.3608402754e-01
 381.5000000    2.3514921487e-01
 382.0000000    2.3422170019e-01
 382.5000000    2.3330081136e-01
 383.0000000    2.3238826953e-01
 383.5000000    2.3148341728e-01
 384.0000000    2.3058220719e-01
 384.5000000    2.2969610417e-01
 385.0000000    2.2881124317e-01
 385.5000000    2.2793740104e-01
 386.0000000    2.2706861840e-01
 386.5000000    2.2620974524e-01
 387.0000000    2.2535797341e-01
 387.5000000    2.2451303476e-01
 388.0000000    2.2367464044e-01
 388.5000000    2.2284195378e-01
 389.0000000    2.2201571331e-01
 389.5000000    2.2119503381e-01
 390.0000000    2.2037945124e-01
 390.5000000    2.1956876456e-01
 391.0000000    2.1876272980e-01
 391.5000000    2.1796047441e-01
 392.0000000    2.1716185739e-01
 392.5000000    2.1636650656e-01
 393.0000000    2.1557405852e-01
 393.5000000    2.1478415608e-01
 394.0000000    2.1399644663e-01
 394.5000000    2.1321058282e-01
 395.0000000    2.1242622590e-01
 395.5000000    2.1164305023e-01
 396.0000000    2.1086063686e-01
 396.5000000    2.1007889207e-01
 397.0000000    2.0929747312e-01
 397.5000000    2.0851609880e-01
 398.0000000    2.0773449853e-01
 398.5000000    2.0695240992e-01
 399.0000000    2.0616961698e-01
 399.5000000    2.0538575645e-01
 400.0000000    2.0460066361e-01
 400.5000000    2.0381417245e-01
 401.0000000    2.0302613650e-01
 401.5000000    2.0223633964e-01
 402.0000000    2.0143815552e-01
 402.5000000    2.0064453634e-01
 403.0000000    1.9984874957e-01
 403.5000000    1.9905012727e-01
 404.0000000    1.9824973424e-01
 404.5000000    1.9744668932e-01
 405.0000000    1.9664101616e-01
 405.5000000    1.9583262672e-01
 406.0000000    1.9502143865e-01
 406.5000000    1.9420737449e-01
 407.0000000    1.9339036223e-01
 407.5000000    1.9257033986e-01
 408.0000000    1.9174725799e-01
 408.5000000    1.9092023737e-01
 409.0000000    1.9009104743e-01
 409.5000000    1.8925851893e-01
 410.0000000    1.8842334123e-01
 410.5000000    1.8758368338e-01
 411.0000000    1.8674170721e-01
 411.5000000    1.8589644685e-01
 412.0000000    1.8504811893e-01
 412.5000000    1.8419631585e-01
 413.0000000    1.8334161428e-01
 413.5000000    1.8248437170e-01
 414.0000000    1.8162358985e-01
 414.5000000    1.8075977808e-01
 415.0000000    1.7989297359e-01
 415.5000000    1.7902315615e-01
 416.0000000    1.7815043915e-01
 416.5000000    1.7727498806e-01
 417.0000000    1.7639688453e-01
 417.5000000    1.7551599082e-01
 418.0000000    1.7463285438e-01
 418.5000000    1.7374643129e-01
 419.0000000    1.7285812116e-01
 419.5000000    1.7196746273e-01
 420.0000000    1.7107430387e-01
 420.5000000    1.7017892912e-01
 421.0000000    1.6928150391e-01
 421.5000000    1.6838203062e-01
 422.0000000    1.6748065064e-01
 422.5000000    1.6657744176e-01
 423.0000000    1.6567250383e-01
 423.5000000    1.6476595781e-01
 424.0000000    1.6385768724e-01
 424.5000000    1.6294785998e-01
 425.0000000    1.6203731673e-01
 425.5000000    1.6112526556e-01
 426.0000000    1.6021220517e-01
 426.5000000    1.5929831166e-01
 427.0000000    1.5838335488e-01
 427.5000000    1.5746788550e-01
 428.0000000    1.5655180743e-01
 428.5000000    1.5563522759e-01
 429.0000000    1.5471819114e-01
 429.5000000    1.5380016717e-01
 430.0000000    1.5288270348e-01
 430.5000000    1.5196497231e-01
 431.0000000    1.5104734195e-01
 431.5000000    1.5013029152e-01
 432.0000000    1.4921302101e-01
 432.5000000    1.4829603298e-01
 433.0000000    1.4737925330e-01
 433.5000000    1.4646321371e-01
 434.0000000    1.4554759083e-01
 434.5000000    1.4463264682e-01
 435.0000000    1.4371831430e-01
 435.5000000    1.4280393103e-01
 436.0000000    1.4189141379e-01
 436.5000000    1.4097969133e-01
 437.0000000    1.4006914722e-01
 437.5000000    1.3915947373e-01
 438.0000000    1.3825079106e-01
 438.5000000    1.3734282983e-01
 439.0000000    1.3643652094e-01
 439.5000000    1.3553148493e-01
 440.0000000    1.3462777423e-01
 440.5000000    1.3372543801e-01
 441.0000000    1.3282452267e-01
 441.5000000    1.3192507276e-01
 442.0000000    1.3102713200e-01
 442.5000000    1.3013074353e-01
 443.0000000    1.2923572499e-01
 443.5000000    1.2834256899e-01
 444.0000000    1.2745108441e-01
 444.5000000    1.2656083543e-01
 445.0000000    1.2567280912e-01
 445.5000000    1.2478646182e-01
 446.0000000    1.2390200217e-01
 446.5000000    1.2301945476e-01
 447.0000000    1.2213871963e-01
 447.5000000    1.2125994414e-01
 448.0000000    1.2038304440e-01
 448.5000000    1.1950786230e-01
 449.0000000    1.1863491715e-01
 449.5000000    1.1776398981e-01
 450.0000000    1.1689531814e-01
 450.5000000    1.1602830560e-01
 451.0000000    1.1516363805e-01
 451.5000000    1.1430107368e-01
 452.0000000    1.1344067012e-01
 452.5000000    1.1258184454e-01
 453.0000000    1.1172552171e-01
 453.5000000    1.1087178677e-01
 454.0000000    1.1002029891e-01
 454.5000000    1.0917138114e-01
 455.0000000    1.0832427639e-01
 455.5000000    1.0747981162e-01
 456.0000000    1.0663783176e-01
 456.5000000    1.0579806765e-01
 457.0000000    1.0496111479e-01
 457.5000000    1.0412620707e-01
 458.0000000    1.0329394331e-01
 458.5000000    1.0246421863e-01
 459.0000000    1.0163707043e-01
 459.5000000    1.0081253074e-01
 460.0000000    9.9990629159e-02
 460.5000000    9.9171395503e-02
 461.0000000    9.8354861324e-02
 461.5000000    9.7541059625e-02
 462.0000000    9.6730023874e-02
 462.5000000    9.5919966151e-02
 463.0000000    9.5114602028e-02
 463.5000000    9.4312096267e-02
 464.0000000    9.3512484228e-02
 464.5000000    9.2715802705e-02
 465.0000000    9.1922084308e-02
 465.5000000    9.1131360558e-02
 466.0000000    9.0343447340e-02
 466.5000000    8.9558829111e-02
 467.0000000    8.8777325084e-02
 467.5000000    8.7998971898e-02
 468.0000000    8.7223820096e-02
 468.5000000    8.6451828152e-02
 469.0000000    8.5683144779e-02
 469.5000000    8.4917756323e-02
 470.0000000    8.4155698318e-02
 470.5000000    8.3396837105e-02
 471.0000000    8.2641727049e-02
 471.5000000    8.1889874673e-02
 472.0000000    8.1141499158e-02
 472.5000000    8.0396639364e-02
 473.0000000    7.9655333697e-02
 473.5000000    7.8917619196e-02
 474.0000000    7.8183479575e-02
 474.5000000    7.7453070028e-02
 475.0000000    7.6726347434e-02
 475.5000000    7.6003362854e-02
 476.0000000    7.5284154473e-02
 476.5000000    7.4568759874e-02
 477.0000000    7.3857215368e-02
 477.5000000    7.3149556255e-02
 478.0000000    7.2445688971e-02
 478.5000000    7.1746011635e-02
 479.0000000    7.1050122901e-02
 479.5000000    7.0358366790e-02
 480.0000000    6.9670678519e-02
 480.5000000    6.8986997444e-02
 481.0000000    6.8307561546e-02
 481.5000000    6.7632278277e-02
 482.0000000    6.6961229628e-02
 482.5000000    6.6294403395e-02
 483.0000000    6.5631830003e-02
 483.5000000    6.4973455692e-02
 484.0000000    6.4319453362e-02
 484.5000000    6.3669899484e-02
 485.0000000    6.3024783390e-02
 485.5000000    6.2384051375e-02
 486.0000000    6.1747807398e-02
 486.5000000    6.1115989427e-02
 487.0000000    6.0488618521e-02
 487.5000000    5.9866060637e-02
 488.0000000    5.9247950129e-02
 488.5000000    5.8634446162e-02
 489.0000000    5.8025575352e-02
 489.5000000    5.7421195304e-02
 490.0000000    5.6821677473e-02
 490.5000000    5.6226912772e-02
 491.0000000    5.5636805913e-02
 491.5000000    5.5051498911e-02
 492.0000000    5.4471041961e-02
 492.5000000    5.3895317670e-02
 493.0000000    5.3324447386e-02
 493.5000000    5.2758286614e-02
 494.0000000    5.2197105360e-02
 494.5000000    5.1640848490e-02
 495.0000000    5.1089454330e-02
 495.5000000    5.0542979173e-02
 496.0000000    5.0001439165e-02
 496.5000000    4.9464850489e-02
 497.0000000    4.8933228674e-02
 497.5000000    4.8406587871e-02
 498.0000000    4.7884940292e-02
 498.5000000    4.7368296430e-02
 499.0000000    4.6856591281e-02
 499.5000000    4.6349986167e-02
 500.0000000    4.5848438982e-02
 500.5000000    4.5351906633e-02
 501.0000000    4.4860422185e-02
 501.5000000    4.4373817530e-02
 502.0000000    4.3892448585e-02
 502.5000000    4.3416138940e-02
 503.0000000    4.2944891127e-02
 503.5000000    4.2478707213e-02
 504.0000000    4.2017436578e-02
 504.5000000    4.1561387086e-02
 505.0000000    4.1110399482e-02
 505.5000000    4.0664469980e-02
 506.0000000    4.0223673098e-02
 506.5000000    3.9787843282e-02
 507.0000000    3.9357057323e-02
 507.5000000    3.8931284983e-02
 508.0000000    3.8510567860e-02
 508.5000000    3.8094871575e-02
 509.0000000    3.7684185419e-02
 509.5000000    3.7278498160e-02
 510.0000000    3.6876511310e-02
 510.5000000    3.6480823975e-02
 511.0000000    3.6090098555e-02
 511.5000000    3.5704320757e-02
 512.0000000    3.5323474593e-02
 512.5000000    3.4947542792e-02
 513.0000000    3.4576507571e-02
 513.5000000    3.4210351163e-02
 514.0000000    3.3849055229e-02
 514.5000000    3.3492600520e-02
 515.0000000    3.3140966212e-02
 515.5000000    3.2794129917e-02
 516.0000000    3.2452068320e-02
 516.5000000    3.2114757779e-02
 517.0000000    3.1782174525e-02
 517.5000000    3.1454294165e-02
 518.0000000    3.1131032824e-02
 518.5000000    3.0812484138e-02
 519.0000000    3.0498554658e-02
 519.5000000    3.0189220067e-02
 520.0000000    2.9884449664e-02
 520.5000000    2.9583351604e-02
 521.0000000    2.9287580304e-02
 521.5000000    2.8996347013e-02
 522.0000000    2.8709558573e-02
 522.5000000    2.8427182518e-02
 523.0000000    2.8149180132e-02
 523.5000000    2.7875522623e-02
 524.0000000    2.7606174408e-02
 524.5000000    2.7341092794e-02
 525.0000000    2.7080226923e-02
 525.5000000    2.6823600909e-02
 526.0000000    2.6571139336e-02
 526.5000000    2.6322812023e-02
 527.0000000    2.6078574528e-02
 527.5000000    2.5838411984e-02
 528.0000000    2.5602255915e-02
 528.5000000    2.5370081871e-02
 529.0000000    2.5141851086e-02
 529.5000000    2.4917524237e-02
 530.0000000    2.4697061877e-02
 530.5000000    2.4480393177e-02
 531.0000000    2.4267535721e-02
 531.5000000    2.4058431696e-02
 532.0000000    2.3853033228e-02
 532.5000000    2.3651299575e-02
 533.0000000    2.3453189815e-02
 533.5000000    2.3258663162e-02
 534.0000000    2.3067659947e-02
 534.5000000    2.2880143052e-02
 535.0000000    2.2696139748e-02
 535.5000000    2.2515507023e-02
 536.0000000    2.2338282970e-02
 536.5000000    2.2164393767e-02
 537.0000000    2.1993797854e-02
 537.5000000    2.1826453713e-02
 538.0000000    2.1662320084e-02
 538.5000000    2.1501355179e-02
 539.0000000    2.1343517123e-02
 539.5000000    2.1188704323e-02
 540.0000000    2.1036996713e-02
 540.5000000    2.0888290889e-02
 541.0000000    2.0742545683e-02
 541.5000000    2.0599607727e-02
 542.0000000    2.0459664727e-02
 542.5000000    2.0322558658e-02
 543.0000000    2.0188248282e-02
 543.5000000    2.0056692769e-02
 544.0000000    1.9927851721e-02
 544.5000000    1.9801685038e-02
 545.0000000    1.9678152771e-02
 545.5000000    1.9557215070e-02
 546.0000000    1.9438832002e-02
 546.5000000    1.9322963925e-02
 547.0000000    1.9209571542e-02
 547.5000000    1.9098615942e-02
 548.0000000    1.8990058514e-02
 548.5000000    1.8883860837e-02
 549.0000000    1.8779984657e-02
 549.5000000    1.8678391851e-02
 550.0000000    1.8579044542e-02
 550.5000000    1.8481905178e-02
 551.0000000    1.8386936543e-02
 551.5000000    1.8294101779e-02
 552.0000000    1.8203364293e-02
 552.5000000    1.8114687722e-02
 553.0000000    1.8028036002e-02
 553.5000000    1.7943373457e-02
 554.0000000    1.7860664901e-02
 554.5000000    1.7779875536e-02
 555.0000000    1.7700954653e-02
 555.5000000    1.7623901597e-02
 556.0000000    1.7548665306e-02
 556.5000000    1.7475194465e-02
 557.0000000    1.7403492623e-02
 557.5000000    1.7333508295e-02
 558.0000000    1.7265193646e-02
 558.5000000    1.7198545667e-02
 559.0000000    1.7133522820e-02
 559.5000000    1.7070090365e-02
 560.0000000    1.7008213942e-02
 560.5000000    1.6947869840e-02
 561.0000000    1.6889024232e-02
 561.5000000    1.6831643034e-02
 562.0000000    1.6775705637e-02
 562.5000000    1.6721178236e-02
 563.0000000    1.6668032044e-02
 563.5000000    1.6616238648e-02
 564.0000000    1.6565770088e-02
 564.5000000    1.6516598866e-02
 565.0000000    1.6468697918e-02
 565.5000000    1.6422040593e-02
 566.0000000    1.6376516208e-02
 566.5000000    1.6332259911e-02
 567.0000000    1.6289181835e-02
 567.5000000    1.6247232774e-02
 568.0000000    1.6206411036e-02
 568.5000000    1.6166682693e-02
 569.0000000    1.6128022511e-02
 569.5000000    1.6090407027e-02
 570.0000000    1.6053813111e-02
 570.5000000    1.6018210861e-02
 571.0000000    1.5983592347e-02
 571.5000000    1.5949928009e-02
 572.0000000    1.5917196207e-02
 572.5000000    1.5885375660e-02
 573.0000000    1.5854445416e-02
 573.5000000    1.5824384832e-02
 574.0000000    1.5795173626e-02
 574.5000000    1.5766791902e-02
 575.0000000    1.5739220157e-02
 575.5000000    1.5712439244e-02
 576.0000000    1.5686430355e-02
 576.5000000    1.5661175022e-02
 577.0000000    1.5636655080e-02
 577.5000000    1.5612852676e-02
 578.0000000    1.5589750337e-02
 578.5000000    1.5567330985e-02
 579.0000000    1.5545577859e-02
 579.5000000    1.5524474478e-02
 580.0000000    1.5504004657e-02
 580.5000000    1.5484152528e-02
 581.0000000    1.5464902535e-02
 581.5000000    1.5446239416e-02
 582.0000000    1.5428148194e-02
 582.5000000    1.5410614166e-02
 583.0000000    1.5393622918e-02
 583.5000000    1.5377160337e-02
 584.0000000    1.5361212614e-02
 584.5000000    1.5345766240e-02
 585.0000000    1.5330808011e-02
 585.5000000    1.5316325015e-02
 586.0000000    1.5302304618e-02
 586.5000000    1.5288734450e-02
 587.0000000    1.5275602396e-02
 587.5000000    1.5262896601e-02
 588.0000000    1.5250605482e-02
 588.5000000    1.5238717726e-02
 589.0000000    1.5227222280e-02
 589.5000000    1.5216108329e-02
 590.0000000    1.5205365279e-02
 590.5000000    1.5194982758e-02
 591.0000000    1.5184950630e-02
 591.5000000    1.5175259007e-02
 592.0000000    1.5165898239e-02
 592.5000000    1.5156858899e-02
 593.0000000    1.5148131755e-02
 593.5000000    1.5139707768e-02
 594.0000000    1.5131578102e-02
 594.5000000    1.5123734132e-02
 595.0000000    1.5116167453e-02
 595.5000000    1.5108869863e-02
 596.0000000    1.5101833353e-02
 596.5000000    1.5095050083e-02
 597.0000000    1.5088512389e-02
 597.5000000    1.5082212792e-02
 598.0000000    1.5076144006e-02
 598.5000000    1.5070298938e-02
 599.0000000    1.5064670672e-02
 599.5000000    1.5059252455e-02
 600.0000000    1.5054037684e-02
 600.5000000    1.5049019910e-02
 601.0000000    1.5044192852e-02
 601.5000000    1.5039550398e-02
 602.0000000    1.5035086601e-02
 602.5000000    1.5030795665e-02
 603.0000000    1.5026671930e-02
 603.5000000    1.5022709867e-02
 604.0000000    1.5018904086e-02
 604.5000000    1.5015249346e-02
 605.0000000    1.5011740553e-02
 605.5000000    1.5008372756e-02
 606.0000000    1.5005141126e-02
 606.5000000    1.5002040954e-02
 607.0000000    1.4999067641e-02
 607.5000000    1.4996216712e-02
 608.0000000    1.4993483822e-02
 608.5000000    1.4990864752e-02
 609.0000000    1.4988355401e-02
 609.5000000    1.4985951770e-02
 610.0000000    1.4983649959e-02
 610.5000000    1.4981446170e-02
 611.0000000    1.4979336710e-02
 611.5000000    1.4977317999e-02
 612.0000000    1.4975386563e-02
 612.5000000    1.4973539027e-02
 613.0000000    1.4971772099e-02
 613.5000000    1.4970082574e-02
 614.0000000    1.4968467333e-02
 614.5000000    1.4966923350e-02
 615.0000000    1.4965447693e-02
 615.5000000    1.4964037521e-02
 616.0000000    1.4962690069e-02
 616.5000000    1.4961402648e-02
 617.0000000    1.4960172639e-02
 617.5000000    1.4958997500e-02
 618.0000000    1.4957874769e-02
 618.5000000    1.4956802060e-02
 619.0000000    1.4955777064e-02
 619.5000000    1.4954797536e-02
 620.0000000    1.4953861296e-02
 620.5000000    1.4952966222e-02
 621.0000000    1.4952110260e-02
 621.5000000    1.4951291418e-02
 622.0000000    1.4950507773e-02
 622.5000000    1.4949757465e-02
 623.0000000    1.4949038686e-02
 623.5000000    1.4948349684e-02
 624.0000000    1.4947688756e-02
 624.5000000    1.4947054253e-02
 625.0000000    1.4946444583e-02
 625.5000000    1.4945858208e-02
 626.0000000    1.4945293643e-02
 626.5000000    1.4944749450e-02
 627.0000000    1.4944224234e-02
 627.5000000    1.4943716643e-02
 628.0000000    1.4943225369e-02
 628.5000000    1.4942749150e-02
 629.0000000    1.4942286774e-02
 629.5000000    1.4941837071e-02
 630.0000000    1.4941398911e-02
 630.5000000    1.4940971201e-02
 631.0000000    1.4940552880e-02
 631.5000000    1.4940142924e-02
 632.0000000    1.4939740351e-02
 632.5000000    1.4939344217e-02
 633.0000000    1.4938953620e-02
 633.5000000    1.4938567687e-02
 634.0000000    1.4938185574e-02
 634.5000000    1.4937806464e-02
 635.0000000    1.4937429569e-02
 635.5000000    1.4937054139e-02
 636.0000000    1.4936679459e-02
 636.5000000    1.4936304847e-02
 637.0000000    1.4935929648e-02
 637.5000000    1.4935553224e-02
 638.0000000    1.4935174959e-02
 638.5000000    1.4934794265e-02
 639.0000000    1.4934410586e-02
 639.5000000    1.4934023400e-02
 640.0000000    1.4933632212e-02
 640.5000000    1.4933236543e-02
 641.0000000    1.4932835929e-02
 641.5000000    1.4932429921e-02
 642.0000000    1.4932018099e-02
 642.5000000    1.4931600073e-02
 643.0000000    1.4931175482e-02
 643.5000000    1.4930743984e-02
 644.0000000    1.4930305249e-02
 644.5000000    1.4929858953e-02
 645.0000000    1.4929404792e-02
 645.5000000    1.4928942484e-02
 646.0000000    1.4928471781e-02
 646.5000000    1.4927992456e-02
 647.0000000    1.4927504295e-02
 647.5000000    1.4927007086e-02
 648.0000000    1.4926500627e-02
 648.5000000    1.4925984731e-02
 649.0000000    1.4925459239e-02
 649.5000000    1.4924924018e-02
 650.0000000    1.4924378953e-02
 650.5000000    1.4923823933e-02
 651.0000000    1.4923258845e-02
 651.5000000    1.4922683585e-02
 652.0000000    1.4922098069e-02
 652.5000000    1.4921502238e-02
 653.0000000    1.4920896057e-02
 653.5000000    1.4920279500e-02
 654.0000000    1.4919652537e-02
 654.5000000    1.4919015137e-02
 655.0000000    1.4918367280e-02
 655.5000000    1.4917708966e-02
 656.0000000    1.4917040222e-02
 656.5000000    1.4916361091e-02
 657.0000000    1.4915671616e-02
 657.5000000    1.4914971834e-02
 658.0000000    1.4914261779e-02
 658.5000000    1.4913541501e-02
 659.0000000    1.4912811075e-02
 659.5000000    1.4912070595e-02
 660.0000000    1.4911320166e-02
 660.5000000    1.4910559884e-02
 661.0000000    1.4909789838e-02
 661.5000000    1.4909010119e-02
 662.0000000    1.4908220836e-02
 662.5000000    1.4907422121e-02
 663.0000000    1.4906614126e-02
 663.5000000    1.4905796996e-02
 664.0000000    1.4904970868e-02
 664.5000000    1.4904135871e-02
 665.0000000    1.4903292142e-02
 665.5000000    1.4902439839e-02
 666.0000000    1.4901579142e-02
 666.5000000    1.4900710239e-02
 667.0000000    1.4899833308e-02
 667.5000000    1.4898948513e-02
 668.0000000    1.4898056016e-02
 668.5000000    1.4897155992e-02
 669.0000000    1.4896248640e-02
 669.5000000    1.4895334173e-02
 670.0000000    1.4894412803e-02
 670.5000000    1.4893484726e-02
 671.0000000    1.4892550127e-02
 671.5000000    1.4891609192e-02
 672.0000000    1.4890662125e-02
 672.5000000    1.4889709154e-02
 673.0000000    1.4888750510e-02
 673.5000000    1.4887786414e-02
 674.0000000    1.4886817070e-02
 674.5000000    1.4885842673e-02
 675.0000000    1.4884863429e-02
 675.5000000    1.4883879564e-02
 676.0000000    1.4882891318e-02
 676.5000000    1.4881898930e-02
 677.0000000    1.4880902620e-02
 677.5000000    1.4879902592e-02
 678.0000000    1.4878899051e-02
 678.5000000    1.4877892214e-02
 679.0000000    1.4876882320e-02
 679.5000000    1.4875869613e-02
 680.0000000    1.4874854325e-02
 680.5000000    1.4873836668e-02
 681.0000000    1.4872816844e-02
 681.5000000    1.4871795058e-02
 682.0000000    1.4870771537e-02
 682.5000000    1.4869746519e-02
 683.0000000    1.4868720239e-02
 683.5000000    1.4867692915e-02
 684.0000000    1.4866664744e-02
 684.5000000    1.4865635922e-02
 685.0000000    1.4864606654e-02
 685.5000000    1.4863577164e-02
 686.0000000    1.4862547682e-02
 686.5000000    1.4861518426e-02
 687.0000000    1.4860489591e-02
 687.5000000    1.4859461359e-02
 688.0000000    1.4858433916e-02
 688.5000000    1.4857407462e-02
 689.0000000    1.4856382210e-02
 689.5000000    1.4855358371e-02
 690.0000000    1.4854336136e-02
 690.5000000    1.4853315676e-02
 691.0000000    1.4852297155e-02
 691.5000000    1.4851280749e-02
 692.0000000    1.4850266646e-02
 692.5000000    1.4849255044e-02
 693.0000000    1.4848246126e-02
 693.5000000    1.4847240054e-02
 694.0000000    1.4846236975e-02
 694.5000000    1.4845237035e-02
 695.0000000    1.4844240396e-02
 695.5000000    1.4843247230e-02
 696.0000000    1.4842257705e-02
 696.5000000    1.4841271972e-02
 697.0000000    1.4840290162e-02
 697.5000000    1.4839312395e-02
 698.0000000    1.4838338801e-02
 698.5000000    1.4837369526e-02
 699.0000000    1.4836404718e-02
 699.5000000    1.4835444515e-02
 700.0000000    1.4834489033e-02
 700.5000000    1.4833538373e-02
 701.0000000    1.4832592635e-02
 701.5000000    1.4831651929e-02
 702.0000000    1.4830716379e-02
 702.5000000    1.4829786103e-02
 703.0000000    1.4828861200e-02
 703.5000000    1.4827941751e-02
 704.0000000    1.4827027826e-02
 704.5000000    1.4826119506e-02
 705.0000000    1.4825216881e-02
 705.5000000    1.4824320047e-02
 706.0000000    1.4823429089e-02
 706.5000000    1.4822544072e-02
 707.0000000    1.4821665046e-02
 707.5000000    1.4820792060e-02
 708.0000000    1.4819925175e-02
 708.5000000    1.4819064459e-02
 709.0000000    1.4818209980e-02
 709.5000000    1.4817361785e-02
 710.0000000    1.4816519904e-02
 710.5000000    1.4815684360e-02
 711.0000000    1.4814855179e-02
 711.5000000    1.4814032402e-02
 712.0000000    1.4813216070e-02
 712.5000000    1.4812406215e-02
 713.0000000    1.4811602851e-02
 713.5000000    1.4810805977e-02
 714.0000000    1.4810015592e-02
 714.5000000    1.4809231706e-02
 715.0000000    1.4808454338e-02
 715.5000000    1.4807683501e-02
 716.0000000    1.4806919195e-02
 716.5000000    1.4806161403e-02
 717.0000000    1.4805410101e-02
 717.5000000    1.4804665271e-02
 718.0000000    1.4803926905e-02
 718.5000000    1.4803195000e-02
 719.0000000    1.4802469542e-02
 719.5000000    1.4801750499e-02
 720.0000000    1.4801037829e-02
 720.5000000    1.4800331488e-02
 721.0000000    1.4799631444e-02
 721.5000000    1.4798937672e-02
 722.0000000    1.4798250144e-02
 722.5000000    1.4797568814e-02
 723.0000000    1.4796893627e-02
 723.5000000    1.4796224519e-02
 724.0000000    1.4795561434e-02
 724.5000000    1.4794904327e-02
 725.0000000    1.4794253153e-02
 725.5000000    1.4793607860e-02
 726.0000000    1.4792968381e-02
 726.5000000    1.4792334638e-02
 727.0000000    1.4791706558e-02
 727.5000000    1.4791084075e-02
 728.0000000    1.4790467131e-02
 728.5000000    1.4789855664e-02
 729.0000000    1.4789249600e-02
 729.5000000    1.4788648851e-02
 730.0000000    1.4788053328e-02
 730.5000000    1.4787462948e-02
 731.0000000    1.4786877635e-02
 731.5000000    1.4786297317e-02
 732.0000000    1.4785721913e-02
 732.5000000    1.4785151328e-02
 733.0000000    1.4784585462e-02
 733.5000000    1.4784024217e-02
 734.0000000    1.4783467505e-02
 734.5000000    1.4782915246e-02
 735.0000000    1.4782367356e-02
 735.5000000    1.4781823741e-02
 736.0000000    1.4781284301e-02
 736.5000000    1.4780748931e-02
 737.0000000    1.4780217540e-02
 737.5000000    1.4779690044e-02
 738.0000000    1.4779166361e-02
 738.5000000    1.4778646403e-02
 739.0000000    1.4778130074e-02
 739.5000000    1.4777617270e-02
 740.0000000    1.4777107894e-02
 740.5000000    1.4776601858e-02
 741.0000000    1.4776099078e-02
 741.5000000    1.4775599469e-02
 742.0000000    1.4775102932e-02
 742.5000000    1.4774609362e-02
 743.0000000    1.4774118654e-02
 743.5000000    1.4773630710e-02
 744.0000000    1.4773145442e-02
 744.5000000    1.4772662759e-02
 745.0000000    1.4772182568e-02
 745.5000000    1.4771704762e-02
 746.0000000    1.4771229236e-02
 746.5000000    1.4770755889e-02
 747.0000000    1.4770284633e-02
 747.5000000    1.4769815381e-02
 748.0000000    1.4769348047e-02
 748.5000000    1.4768882534e-02
 749.0000000    1.4768418744e-02
 749.5000000    1.4767956580e-02
 750.0000000    1.4767495954e-02
 750.5000000    1.4767036785e-02
 751.0000000    1.4766578997e-02
 751.5000000    1.4766122504e-02
 752.0000000    1.4765667216e-02
 752.5000000    1.4765213040e-02
 753.0000000    1.4764759893e-02
 753.5000000    1.4764307700e-02
 754.0000000    1.4763856389e-02
 754.5000000    1.4763405889e-02
 755.0000000    1.4762956118e-02
 755.5000000    1.4762506993e-02
 756.0000000    1.4762058433e-02
 756.5000000    1.4761610369e-02
 757.0000000    1.4761162738e-02
 757.5000000    1.4760715477e-02
 758.0000000    1.4760268519e-02
 758.5000000    1.4759821790e-02
 759.0000000    1.4759375218e-02
 759.5000000    1.4758928737e-02
 760.0000000    1.4758482292e-02
 760.5000000    1.4758035831e-02
 761.0000000    1.4757589299e-02
 761.5000000    1.4757142634e-02
 762.0000000    1.4756695771e-02
 762.5000000    1.4756248653e-02
 763.0000000    1.4755801229e-02
 763.5000000    1.4755353456e-02
 764.0000000    1.4754905291e-02
 764.5000000    1.4754456684e-02
 765.0000000    1.4754007579e-02
 765.5000000    1.4753557926e-02
 766.0000000    1.4753107679e-02
 766.5000000    1.4752656803e-02
 767.0000000    1.4752205263e-02
 767.5000000    1.4751753023e-02
 768.0000000    1.4751300039e-02
 768.5000000    1.4750846268e-02
 769.0000000    1.4750391672e-02
 769.5000000    1.4749936221e-02
 770.0000000    1.4749479893e-02
 770.5000000    1.4749022664e-02
 771.0000000    1.4748564503e-02
 771.5000000    1.4748105378e-02
 772.0000000    1.4747645259e-02
 772.5000000    1.4747184126e-02
 773.0000000    1.4746721963e-02
 773.5000000    1.4746258758e-02
 774.0000000    1.4745794496e-02
 774.5000000    1.4745329154e-02
 775.0000000    1.4744862713e-02
 775.5000000    1.4744395155e-02
 776.0000000    1.4743926476e-02
 776.5000000    1.4743456670e-02
 777.0000000    1.4742985734e-02
 777.5000000    1.4742513658e-02
 778.0000000    1.4742040429e-02
 778.5000000    1.4741566035e-02
 779.0000000    1.4741090474e-02
 779.5000000    1.4740613750e-02
 780.0000000    1.4740135864e-02
 780.5000000    1.4739656818e-02
 781.0000000    1.4739176603e-02
 781.5000000    1.4738695214e-02
 782.0000000    1.4738212652e-02
 782.5000000    1.4737728922e-02
 783.0000000    1.4737244035e-02
 783.5000000    1.4736757998e-02
 784.0000000    1.4736270813e-02
 784.5000000    1.4735782480e-02
 785.0000000    1.4735293003e-02
 785.5000000    1.4734802392e-02
 786.0000000    1.4734310662e-02
 786.5000000    1.4733817830e-02
 787.0000000    1.4733323905e-02
 787.5000000    1.4732828896e-02
 788.0000000    1.4732332809e-02
 788.5000000    1.4731835658e-02
 789.0000000    1.4731337462e-02
 789.5000000    1.4730838244e-02
 790.0000000    1.4730338021e-02
 790.5000000    1.4729836808e-02
 791.0000000    1.4729334616e-02
 791.5000000    1.4728831459e-02
 792.0000000    1.4728327359e-02
 792.5000000    1.4727822341e-02
 793.0000000    1.4727316429e-02
 793.5000000    1.4726809641e-02
 794.0000000    1.4726301993e-02
 794.5000000    1.4725793500e-02
 795.0000000    1.4725284182e-02
 795.5000000    1.4724774067e-02
 796.0000000    1.4724263182e-02
 796.5000000    1.4723751548e-02
 797.0000000    1.4723239185e-02
 797.5000000    1.4722726109e-02
 798.0000000    1.4722212340e-02
 798.5000000    1.4721697902e-02
 799.0000000    1.4721182822e-02
 799.5000000    1.4720667126e-02
 800.0000000    1.4720150834e-02
 800.5000000    1.4719633961e-02
 801.0000000    1.4719116525e-02
 801.5000000    1.4718598547e-02
 802.0000000    1.4718080052e-02
 802.5000000    1.4717561067e-02
 803.0000000    1.4717041614e-02
 803.5000000    1.4716521711e-02
 804.0000000    1.4716001373e-02
 804.5000000    1.4715480619e-02
 805.0000000    1.4714959475e-02
 805.5000000    1.4714437967e-02
 806.0000000    1.4713916119e-02
 806.5000000    1.4713393951e-02
 807.0000000    1.4712871477e-02
 807.5000000    1.4712348715e-02
 808.0000000    1.4711825687e-02
 808.5000000    1.4711302417e-02
 809.0000000    1.4710778928e-02
 809.5000000    1.4710255242e-02
 810.0000000    1.4709731374e-02
 810.5000000    1.4709207336e-02
 811.0000000    1.4708683147e-02
 811.5000000    1.4708158828e-02
 812.0000000    1.4707634401e-02
 812.5000000    1.4707109886e-02
 813.0000000    1.4706585296e-02
 813.5000000    1.4706060644e-02
 814.0000000    1.4705535941e-02
 814.5000000    1.4705011204e-02
 815.0000000    1.4704486452e-02
 815.5000000    1.4703961702e-02
 816.0000000    1.4703436968e-02
 816.5000000    1.4702912258e-02
 817.0000000    1.4702387579e-02
 817.5000000    1.4701862944e-02
 818.0000000    1.4701338367e-02
 818.5000000    1.4700813864e-02
 819.0000000    1.4700289445e-02
 819.5000000    1.4699765120e-02
 820.0000000    1.4699240894e-02
 820.5000000    1.4698716773e-02
 821.0000000    1.4698192768e-02
 821.5000000    1.4697668891e-02
 822.0000000    1.4697145154e-02
 822.5000000    1.4696621562e-02
 823.0000000    1.4696098118e-02
 823.5000000    1.4695574824e-02
 824.0000000    1.4695051686e-02
 824.5000000    1.4694528711e-02
 825.0000000    1.4694005907e-02
 825.5000000    1.4693483280e-02
 826.0000000    1.4692960830e-02
 826.5000000    1.4692438558e-02
 827.0000000    1.4691916465e-02
 827.5000000    1.4691394553e-02
 828.0000000    1.4690872830e-02
 828.5000000    1.4690351299e-02
 829.0000000    1.4689829960e-02
 829.5000000    1.4689308808e-02
 830.0000000    1.4688787840e-02
 830.5000000    1.4688267054e-02
 831.0000000    1.4687746450e-02
 831.5000000    1.4687226030e-02
 832.0000000    1.4686705790e-02
 832.5000000    1.4686185725e-02
 833.0000000    1.4685665827e-02
 833.5000000    1.4685146090e-02
 834.0000000    1.4684626512e-02
 834.5000000    1.4684107093e-02
 835.0000000    1.4683587831e-02
 835.5000000    1.4683068718e-02
 836.0000000    1.4682549747e-02
 836.5000000    1.4682030909e-02
 837.0000000    1.4681512196e-02
 837.5000000    1.4680993608e-02
 838.0000000    1.4680475138e-02
 838.5000000    1.4679956780e-02
 839.0000000    1.4679438522e-02
 839.5000000    1.4678920351e-02
 840.0000000    1.4678402256e-02
 840.5000000    1.4677884231e-02
 841.0000000    1.4677366269e-02
 841.5000000    1.4676848363e-02
 842.0000000    1.4676330498e-02
 842.5000000    1.4675812663e-02
 843.0000000    1.4675294843e-02
 843.5000000    1.4674777031e-02
 844.0000000    1.4674259217e-02
 844.5000000    1.4673741395e-02
 845.0000000    1.4673223552e-02
 845.5000000    1.4672705674e-02
 846.0000000    1.4672187747e-02
 846.5000000    1.4671669758e-02
 847.0000000    1.4671151697e-02
 847.5000000    1.4670633555e-02
 848.0000000    1.4670115320e-02
 848.5000000    1.4669596977e-02
 849.0000000    1.4669078509e-02
 849.5000000    1.4668559902e-02
 850.0000000    1.4668041144e-02
 850.5000000    1.4667522223e-02
 851.0000000    1.4667003130e-02
 851.5000000    1.4666483850e-02
 852.0000000    1.4665964368e-02
 852.5000000    1.4665444667e-02
 853.0000000    1.4664924735e-02
 853.5000000    1.4664404560e-02
 854.0000000    1.4663884132e-02
 854.5000000    1.4663363438e-02
 855.0000000    1.4662842464e-02
 855.5000000    1.4662321192e-02
 856.0000000    1.4661799606e-02
 856.5000000    1.4661277694e-02
 857.0000000    1.4660755446e-02
 857.5000000    1.4660232848e-02
 858.0000000    1.4659709886e-02
 858.5000000    1.4659186542e-02
 859.0000000    1.4658662800e-02
 859.5000000    1.4658138645e-02
 860.0000000    1.4657614067e-02
 860.5000000    1.4657089053e-02
 861.0000000    1.4656563592e-02
 861.5000000    1.4656037666e-02
 862.0000000    1.4655511259e-02
 862.5000000    1.4654984356e-02
 863.0000000    1.4654456946e-02
 863.5000000    1.4653929019e-02
 864.0000000    1.4653400564e-02
 864.5000000    1.4652871567e-02
 865.0000000    1.4652342012e-02
 865.5000000    1.4651811885e-02
 866.0000000    1.4651281173e-02
 866.5000000    1.4650749867e-02
 867.0000000    1.4650217959e-02
 867.5000000    1.4649685436e-02
 868.0000000    1.4649152283e-02
 868.5000000    1.4648618485e-02
 869.0000000    1.4648084029e-02
 869.5000000    1.4647548907e-02
 870.0000000    1.4647013109e-02
 870.5000000    1.4646476625e-02
 871.0000000    1.4645939442e-02
 871.5000000    1.4645401546e-02
 872.0000000    1.4644862923e-02
 872.5000000    1.4644323564e-02
 873.0000000    1.4643783461e-02
 873.5000000    1.4643242607e-02
 874.0000000    1.4642700991e-02
 874.5000000    1.4642158599e-02
 875.0000000    1.4641615420e-02
 875.5000000    1.4641071444e-02
 876.0000000    1.4640526664e-02
 876.5000000    1.4639981074e-02
 877.0000000    1.4639434666e-02
 877.5000000    1.4638887430e-02
 878.0000000    1.4638339355e-02
 878.5000000    1.4637790431e-02
 879.0000000    1.4637240652e-02
 879.5000000    1.4636690014e-02
 880.0000000    1.4636138512e-02
 880.5000000    1.4635586139e-02
 881.0000000    1.4635032885e-02
 881.5000000    1.4634478742e-02
 882.0000000    1.4633923705e-02
 882.5000000    1.4633367772e-02
 883.0000000    1.4632810940e-02
 883.5000000    1.4632253206e-02
 884.0000000    1.4631694561e-02
 884.5000000    1.4631134999e-02
 885.0000000    1.4630574512e-02
 885.5000000    1.4630013096e-02
 886.0000000    1.4629450749e-02
 886.5000000    1.4628887467e-02
 887.0000000    1.4628323239e-02
 887.5000000    1.4627758057e-02
 888.0000000    1.4627191909e-02
 888.5000000    1.4626624789e-02
 889.0000000    1.4626056692e-02
 889.5000000    1.4625487615e-02
 890.0000000    1.4624917550e-02
 890.5000000    1.4624346490e-02
 891.0000000    1.4623774425e-02
 891.5000000    1.4623201353e-02
 892.0000000    1.4622627272e-02
 892.5000000    1.4622052183e-02
 893.0000000    1.4621476088e-02
 893.5000000    1.4620898983e-02
 894.0000000    1.4620320865e-02
 894.5000000    1.4619741732e-02
 895.0000000    1.4619161587e-02
 895.5000000    1.4618580432e-02
 896.0000000    1.4617998271e-02
 896.5000000    1.4617415102e-02
 897.0000000    1.4616830923e-02
 897.5000000    1.4616245729e-02
 898.0000000    1.4615659521e-02
 898.5000000    1.4615072301e-02
 899.0000000    1.4614484069e-02
 899.5000000    1.4613894825e-02
 900.0000000    1.4613304566e-02
 900.5000000    1.4612713286e-02
 901.0000000    1.4612120983e-02
 901.5000000    1.4611527656e-02
 902.0000000    1.4610933309e-02
 902.5000000    1.4610337940e-02
 903.0000000    1.4609741547e-02
 903.5000000    1.4609144127e-02
 904.0000000    1.4608545676e-02
 904.5000000    1.4607946193e-02
 905.0000000    1.4607345682e-02
 905.5000000    1.4606744145e-02
 906.0000000    1.4606141581e-02
 906.5000000    1.4605537988e-02
 907.0000000    1.4604933361e-02
 907.5000000    1.4604327702e-02
 908.0000000    1.4603721010e-02
 908.5000000    1.4603113291e-02
 909.0000000    1.4602504544e-02
 909.5000000    1.4601894767e-02
 910.0000000    1.4601283958e-02
 910.5000000    1.4600672113e-02
 911.0000000    1.4600059233e-02
 911.5000000    1.4599445321e-02
 912.0000000    1.4598830379e-02
 912.5000000    1.4598214405e-02
 913.0000000    1.4597597394e-02
 913.5000000    1.4596979344e-02
 914.0000000    1.4596360253e-02
 914.5000000    1.4595740123e-02
 915.0000000    1.4595118956e-02
 915.5000000    1.4594496750e-02
 916.0000000    1.4593873504e-02
 916.5000000    1.4593249212e-02
 917.0000000    1.4592623872e-02
 917.5000000    1.4591997486e-02
 918.0000000    1.4591370054e-02
 918.5000000    1.4590741579e-02
 919.0000000    1.4590112058e-02
 919.5000000    1.4589481487e-02
 920.0000000    1.4588849862e-02
 920.5000000    1.4588217184e-02
 921.0000000    1.4587583453e-02
 921.5000000    1.4586948671e-02
 922.0000000    1.4586312837e-02
 922.5000000    1.4585675945e-02
 923.0000000    1.4585037992e-02
 923.5000000    1.4584398975e-02
 924.0000000    1.4583758893e-02
 924.5000000    1.4583117747e-02
 925.0000000    1.4582475538e-02
 925.5000000    1.4581832259e-02
 926.0000000    1.4581187907e-02
 926.5000000    1.4580542478e-02
 927.0000000    1.4579895970e-02
 927.5000000    1.4579248385e-02
 928.0000000    1.4578599724e-02
 928.5000000    1.4577949986e-02
 929.0000000    1.4577299165e-02
 929.5000000    1.4576647260e-02
 930.0000000    1.4575994267e-02
 930.5000000    1.4575340189e-02
 931.0000000    1.4574685030e-02
 931.5000000    1.4574028788e-02
 932.0000000    1.4573371461e-02
 932.5000000    1.4572713045e-02
 933.0000000    1.4572053537e-02
 933.5000000    1.4571392939e-02
 934.0000000    1.4570731253e-02
 934.5000000    1.4570068480e-02
 935.0000000    1.4569404618e-02
 935.5000000    1.4568739662e-02
 936.0000000    1.4568073610e-02
 936.5000000    1.4567406460e-02
 937.0000000    1.4566738215e-02
 937.5000000    1.4566068877e-02
 938.0000000    1.4565398445e-02
 938.5000000    1.4564726915e-02
 939.0000000    1.4564054284e-02
 939.5000000    1.4563380549e-02
 940.0000000    1.4562705714e-02
 940.5000000    1.4562029782e-02
 941.0000000    1.4561352752e-02
 941.5000000    1.4560674622e-02
 942.0000000    1.4559995389e-02
 942.5000000    1.4559315051e-02
 943.0000000    1.4558633608e-02
 943.5000000    1.4557951063e-02
 944.0000000    1.4557267419e-02
 944.5000000    1.4556582672e-02
 945.0000000    1.4555896819e-02
 945.5000000    1.4555209857e-02
 946.0000000    1.4554521783e-02
 946.5000000    1.4553832601e-02
 947.0000000    1.4553142310e-02
 947.5000000    1.4552450910e-02
 948.0000000    1.4551758397e-02
 948.5000000    1.4551064764e-02
 949.0000000    1.4550370011e-02
 949.5000000    1.4549674136e-02
 950.0000000    1.4548977143e-02
 950.5000000    1.4548279029e-02
 951.0000000    1.4547579794e-02
 951.5000000    1.4546879432e-02
 952.0000000    1.4546177940e-02
 952.5000000    1.4545475319e-02
 953.0000000    1.4544771569e-02
 953.5000000    1.4544066694e-02
 954.0000000    1.4543360691e-02
 954.5000000    1.4542653557e-02
 955.0000000    1.4541945287e-02
 955.5000000    1.4541235881e-02
 956.0000000    1.4540525338e-02
 956.5000000    1.4539813660e-02
 957.0000000    1.4539100846e-02
 957.5000000    1.4538386891e-02
 958.0000000    1.4537671789e-02
 958.5000000    1.4536955535e-02
 959.0000000    1.4536238128e-02
 959.5000000    1.4535519567e-02
 960.0000000    1.4534799851e-02
 960.5000000    1.4534078975e-02
 961.0000000    1.4533356932e-02
 961.5000000    1.4532633715e-02
 962.0000000    1.4531909321e-02
 962.5000000    1.4531183750e-02
 963.0000000    1.4530456999e-02
 963.5000000    1.4529729067e-02
 964.0000000    1.4528999946e-02
 964.5000000    1.4528269631e-02
 965.0000000    1.4527538118e-02
 965.5000000    1.4526805407e-02
 966.0000000    1.4526071497e-02
 966.5000000    1.4525336388e-02
 967.0000000    1.4524600076e-02
 967.5000000    1.4523862555e-02
 968.0000000    1.4523123822e-02
 968.5000000    1.4522383875e-02
 969.0000000    1.4521642715e-02
 969.5000000    1.4520900342e-02
 970.0000000    1.4520156752e-02
 970.5000000    1.4519411939e-02
 971.0000000    1.4518665896e-02
 971.5000000    1.4517918621e-02
 972.0000000    1.4517170110e-02
 972.5000000    1.4516420364e-02
 973.0000000    1.4515669377e-02
 973.5000000    1.4514917142e-02
 974.0000000    1.4514163651e-02
 974.5000000    1.4513408898e-02
 975.0000000    1.4512652878e-02
 975.5000000    1.4511895589e-02
 976.0000000    1.4511137030e-02
 976.5000000    1.4510377192e-02
 977.0000000    1.4509616069e-02
 977.5000000    1.4508853654e-02
 978.0000000    1.4508089944e-02
 978.5000000    1.4507324938e-02
 979.0000000    1.4506558637e-02
 979.5000000    1.4505791037e-02
 980.0000000    1.4505022133e-02
 980.5000000    1.4504251919e-02
 981.0000000    1.4503480395e-02
